84279.000
15727.000
12264.000
11554.000
11439.000
11437.000
11354.000
12462.000
11303.000
11404.000
11305.000
11562.000
11650.000
11753.000
11769.000
11437.000
11558.000
11670.000
11577.000
11465.000
11321.000
11260.000
12148.000
11287.000
11765.000
11301.000
11419.000
11388.000
11467.000
11504.000
11368.000
11338.000
11937.000
12343.000
11317.000
12229.000
11627.000
11858.000
11390.000
11461.000
11658.000
11469.000
11202.000
11756.000
12467.000
11633.000
11903.000
11379.000
11129.000
11499.000
12376.000
11395.000
11613.000
11305.000
11323.000
11219.000
11774.000
11287.000
11244.000
11413.000
11258.000
11292.000
11455.000
11303.000
11286.000
11216.000
11593.000
11453.000
11346.000
11306.000
11331.000
11333.000
11336.000
11273.000
11836.000
11228.000
11376.000
11410.000
11206.000
11592.000
11442.000
11263.000
11670.000
12359.000
11327.000
11279.000
11284.000
11246.000
11982.000
11313.000
11329.000
11216.000
11292.000
12366.000
11467.000
11143.000
11370.000
11327.000
11575.000
11361.000
11424.000
11264.000
11193.000
11474.000
11396.000
11290.000
11234.000
11530.000
12029.000
11305.000
12329.000
11325.000
11252.000
11325.000
11518.000
11276.000
12499.000
11315.000
11188.000
11347.000
12362.000
11352.000
11398.000
12339.000
11404.000
11378.000
11393.000
11236.000
12820.000
12649.000
11566.000
11367.000
11252.000
11307.000
11445.000
11552.000
11331.000
11548.000
12423.000
12461.000
11286.000
11477.000
11363.000
11463.000
11412.000
11246.000
11510.000
11229.000
11333.000
11323.000
11282.000
11510.000
11763.000
11438.000
11479.000
11656.000
11286.000
11280.000
11331.000
11639.000
11298.000
11265.000
11565.000
11214.000
11221.000
11662.000
11311.000
11335.000
12220.000
11769.000
11465.000
11301.000
12489.000
11455.000
11376.000
11386.000
11222.000
11259.000
11473.000
11410.000
11930.000
12351.000
11423.000
11200.000
11419.000
11390.000
11438.000
11500.000
11344.000
12552.000
11491.000
11587.000
11433.000
12266.000
11439.000
11434.000
11433.000
11398.000
11380.000
11504.000
11321.000
11267.000
11334.000
11353.000
12465.000
11252.000
11295.000
11179.000
12084.000
11210.000
11495.000
12319.000
11305.000
11254.000
11390.000
11455.000
11332.000
11323.000
11597.000
11366.000
11461.000
11536.000
11260.000
11344.000
11583.000
11238.000
12795.000
11737.000
11240.000
11270.000
11260.000
11822.000
12282.000
11358.000
11317.000
11352.000
12500.000
11672.000
11307.000
11325.000
11286.000
11207.000
11428.000
11471.000
11636.000
11300.000
11331.000
11504.000
11430.000
11451.000
11429.000
11798.000
11442.000
11233.000
11445.000
11309.000
11504.000
11116.000
11650.000
11395.000
11279.000
11337.000
11066.000
11493.000
12447.000
11283.000
11418.000
11735.000
11317.000
11420.000
12653.000
11175.000
12410.000
11566.000
11421.000
11274.000
11378.000
11209.000
11234.000
11504.000
11217.000
11276.000
11106.000
11665.000
11448.000
11323.000
11258.000
11212.000
11388.000
11481.000
11605.000
11355.000
11213.000
11390.000
11364.000
11317.000
11480.000
11432.000
12240.000
11248.000
11193.000
11502.000
11129.000
11248.000
11344.000
11281.000
11421.000
12418.000
12596.000
12288.000
12335.000
11637.000
11230.000
11384.000
11293.000
11424.000
11273.000
11206.000
11244.000
11410.000
11374.000
11299.000
12681.000
11319.000
11471.000
11321.000
11295.000
11248.000
11270.000
11422.000
11272.000
11295.000
11473.000
11524.000
12203.000
12431.000
11309.000
11536.000
11646.000
11376.000
11287.000
11449.000
11262.000
11192.000
11132.000
12416.000
11307.000
11167.000
11185.000
12124.000
12213.000
12262.000
12446.000
12394.000
11637.000
11128.000
11302.000
11283.000
11477.000
12643.000
12237.000
11185.000
11149.000
11621.000
11422.000
11339.000
11283.000
11213.000
11275.000
12294.000
11680.000
11245.000
11518.000
11528.000
11289.000
11278.000
11273.000
11210.000
12704.000
11557.000
12370.000
11405.000
11690.000
11650.000
11357.000
11704.000
11536.000
11228.000
11163.000
11315.000
11210.000
11255.000
11545.000
11341.000
11295.000
11319.000
12286.000
11336.000
11163.000
11319.000
11465.000
11207.000
11427.000
11329.000
11299.000
11194.000
11614.000
11313.000
11315.000
11441.000
13345.000
11234.000
12485.000
11082.000
11153.000
11319.000
11392.000
11834.000
12698.000
11355.000
11276.000
11302.000
11396.000
11054.000
11380.000
11426.000
11212.000
11167.000
11092.000
11220.000
11224.000
11047.000
12337.000
11169.000
11325.000
11384.000
11045.000
12305.000
11139.000
11144.000
11125.000
11624.000
11076.000
11376.000
11327.000
11276.000
11840.000
11195.000
11303.000
11285.000
11652.000
12446.000
11263.000
11394.000
11204.000
11143.000
11526.000
11169.000
11171.000
11225.000
12092.000
11058.000
11240.000
12493.000
11242.000
11218.000
11379.000
11043.000
11064.000
11291.000
11181.000
11366.000
11186.000
11388.000
11315.000
10979.000
11276.000
11248.000
11110.000
11246.000
12435.000
11297.000
11747.000
11226.000
11167.000
11518.000
11074.000
11163.000
12149.000
11421.000
11337.000
11485.000
11114.000
11751.000
11157.000
12288.000
11193.000
11017.000
11484.000
11214.000
11161.000
11184.000
11160.000
11162.000
11198.000
11233.000
11033.000
11082.000
11208.000
12404.000
11944.000
12676.000
11181.000
11223.000
11323.000
11019.000
12198.000
11090.000
11007.000
11165.000
11106.000
12437.000
11199.000
11289.000
11278.000
11496.000
11271.000
13213.000
11179.000
11206.000
11757.000
11287.000
11218.000
11402.000
11749.000
11166.000
11051.000
11526.000
11226.000
11303.000
11159.000
11106.000
11311.000
11000.000
11137.000
11037.000
11483.000
11238.000
11384.000
11272.000
11212.000
11088.000
11463.000
11141.000
11265.000
11125.000
12185.000
11135.000
11426.000
12283.000
11410.000
11126.000
11518.000
11560.000
11272.000
11238.000
11025.000
11265.000
11526.000
11295.000
11211.000
11210.000
11252.000
11809.000
11248.000
11208.000
11552.000
11302.000
11484.000
11201.000
11338.000
11180.000
11370.000
11199.000
11250.000
11057.000
11262.000
11303.000
11153.000
11382.000
11323.000
12271.000
10942.000
11204.000
11473.000
11858.000
11278.000
11139.000
11031.000
11235.000
11246.000
11121.000
11353.000
11329.000
11165.000
11138.000
11025.000
11081.000
11688.000
11208.000
11698.000
11039.000
11402.000
8107.000
7675.000
7849.000
7631.000
7669.000
7582.000
7723.000
7706.000
8363.000
7576.000
7690.000
7718.000
7665.000
7871.000
7702.000
7772.000
7667.000
7905.000
7761.000
7634.000
7635.000
7945.000
7854.000
7588.000
7555.000
7677.000
7596.000
7544.000
7801.000
7720.000
7793.000
7634.000
7910.000
7625.000
7615.000
7578.000
7781.000
7809.000
9182.000
7916.000
7679.000
8841.000
7858.000
7783.000
7746.000
7608.000
7633.000
7752.000
7734.000
8689.000
7742.000
7823.000
7634.000
7911.000
7801.000
8726.000
7888.000
7738.000
7837.000
7807.000
7813.000
8154.000
7576.000
7821.000
7789.000
7985.000
7764.000
7622.000
7685.000
7695.000
7789.000
7562.000
7582.000
7513.000
7771.000
7600.000
8059.000
8174.000
7633.000
7730.000
7582.000
7695.000
7665.000
7730.000
7618.000
7774.000
7740.000
7697.000
7694.000
7688.000
7659.000
14688.000
7875.000
8257.000
7914.000
7634.000
7605.000
7694.000
7864.000
7498.000
7740.000
7661.000
7505.000
7866.000
10689.000
6801.000
6868.000
6537.000
6821.000
6991.000
6966.000
6841.000
6633.000
6741.000
7734.000
7272.000
7056.000
7034.000
6773.000
6886.000
6665.000
6935.000
6789.000
6929.000
7087.000
6779.000
6824.000
6734.000
6572.000
6763.000
6858.000
6744.000
6809.000
6830.000
6766.000
6896.000
6803.000
6750.000
6832.000
6906.000
6922.000
6838.000
6574.000
6789.000
6746.000
7568.000
6777.000
6710.000
6732.000
6578.000
6800.000
8083.000
6765.000
7016.000
7392.000
7314.000
6738.000
7075.000
7972.000
6689.000
6878.000
6785.000
6708.000
6846.000
6749.000
6609.000
6793.000
6749.000
6701.000
7041.000
6882.000
7006.000
6815.000
6937.000
6807.000
6813.000
6925.000
6842.000
6707.000
6732.000
6990.000
6807.000
6850.000
6801.000
6560.000
6672.000
6766.000
6729.000
6746.000
6868.000
7268.000
6690.000
6678.000
7548.000
6805.000
6578.000
6921.000
6847.000
6753.000
6810.000
6539.000
6727.000
6834.000
6910.000
6909.000
7981.000
6971.000
6735.000
7038.000
6799.000
6780.000
6903.000
6822.000
6795.000
7592.000
6671.000
6793.000
6612.000
6818.000
6731.000
7016.000
6986.000
7726.000
6880.000
7690.000
7104.000
6872.000
6645.000
6657.000
7598.000
6872.000
7016.000
6912.000
6830.000
6815.000
6793.000
6825.000
6862.000
6803.000
6704.000
7645.000
6728.000
7696.000
6606.000
6819.000
6604.000
6827.000
6690.000
6692.000
6738.000
6758.000
6830.000
6633.000
6996.000
7859.000
6718.000
6824.000
6708.000
7050.000
6693.000
6761.000
6899.000
8736.000
6897.000
6973.000
6860.000
6576.000
6816.000
6834.000
7075.000
6919.000
6783.000
6925.000
7038.000
6825.000
6724.000
7559.000
6583.000
6998.000
6842.000
6647.000
6901.000
6675.000
6805.000
6933.000
7034.000
7004.000
7373.000
6680.000
6933.000
6913.000
6793.000
7790.000
6576.000
6830.000
7424.000
6888.000
6803.000
6651.000
6631.000
6862.000
6981.000
6734.000
6856.000
6831.000
7519.000
6668.000
6558.000
6886.000
6908.000
7083.000
6862.000
6868.000
6968.000
6927.000
6856.000
6878.000
6929.000
11137.000
7821.000
7851.000
7732.000
7961.000
7649.000
7797.000
11804.000
6604.000
6722.000
6789.000
6704.000
6787.000
6893.000
6773.000
7024.000
6831.000
6919.000
7398.000
6673.000
6637.000
6564.000
6826.000
6909.000
6755.000
7010.000
6712.000
6785.000
6846.000
7548.000
6768.000
6886.000
7251.000
6839.000
6722.000
6766.000
6826.000
6756.000
6813.000
6727.000
6678.000
6666.000
6676.000
6868.000
6829.000
6775.000
6653.000
8042.000
6708.000
6710.000
6692.000
6911.000
6766.000
6781.000
6641.000
6828.000
6885.000
7164.000
7061.000
6795.000
6690.000
6890.000
6781.000
7556.000
6679.000
6990.000
6700.000
6708.000
6805.000
