62557.000
38846.000
47245.000
43013.000
42554.000
47195.000
41348.000
41734.000
42107.000
44315.000
43410.000
43812.000
42832.000
41235.000
44927.000
45818.000
44390.000
41681.000
45517.000
45010.000
43279.000
42230.000
43346.000
52850.000
42642.000
42395.000
47543.000
41106.000
37009.000
43029.000
40495.000
40947.000
43293.000
39235.000
40322.000
40056.000
44098.000
45153.000
42003.000
44725.000
38988.000
39576.000
40115.000
47744.000
39889.000
128641.000
45282.000
40941.000
40252.000
45982.000
40521.000
44485.000
41101.000
38907.000
39306.000
41145.000
45102.000
38232.000
44638.000
39832.000
43634.000
40245.000
41160.000
39631.000
43345.000
40677.000
44428.000
41058.000
37960.000
39228.000
40728.000
43300.000
39270.000
41898.000
39467.000
39033.000
43097.000
38895.000
40355.000
82772.000
40344.000
39211.000
42040.000
39339.000
41817.000
39702.000
40918.000
39274.000
41164.000
41750.000
41107.000
39844.000
44702.000
42031.000
44275.000
45025.000
35525.000
44025.000
40666.000
40732.000
42865.000
40020.000
41975.000
42392.000
43652.000
40621.000
40099.000
38082.000
42711.000
40857.000
36654.000
43879.000
51534.000
43674.000
40461.000
42222.000
42578.000
42533.000
45474.000
44492.000
43752.000
42366.000
41069.000
42230.000
41338.000
45244.000
41810.000
41539.000
37107.000
39813.000
40306.000
43478.000
44376.000
40935.000
39710.000
39171.000
39582.000
40703.000
41803.000
39856.000
39487.000
40720.000
40943.000
45928.000
40077.000
42096.000
43098.000
44842.000
40775.000
78347.000
43198.000
40713.000
39760.000
42320.000
47340.000
44029.000
57919.000
39266.000
47744.000
43455.000
43848.000
42005.000
34474.000
35830.000
40004.000
41432.000
42036.000
40906.000
45442.000
43319.000
39791.000
44922.000
43563.000
43844.000
38540.000
40817.000
42648.000
43283.000
28073.000
40742.000
42366.000
36535.000
29807.000
41020.000
40598.000
44240.000
40921.000
39625.000
39836.000
41056.000
40861.000
39077.000
42640.000
42003.000
40805.000
40148.000
39098.000
40882.000
37960.000
39921.000
40805.000
41152.000
44270.000
38686.000
34701.000
34492.000
39582.000
38583.000
39598.000
44353.000
37834.000
44364.000
36926.000
39397.000
40338.000
39945.000
39083.000
38018.000
38473.000
39491.000
43907.000
40482.000
43009.000
38737.000
41632.000
40233.000
43029.000
38615.000
40353.000
38489.000
45120.000
42001.000
42378.000
40536.000
42748.000
40813.000
41412.000
40436.000
42285.000
41863.000
42312.000
33454.000
39556.000
39989.000
46312.000
44698.000
40450.000
40704.000
42032.000
42806.000
41774.000
40821.000
41498.000
42824.000
40715.000
39979.000
47566.000
36709.000
38455.000
42499.000
42952.000
43648.000
44439.000
47209.000
43516.000
41257.000
37038.000
41748.000
39359.000
43699.000
34805.000
40534.000
42729.000
40355.000
39379.000
35691.000
42921.000
40236.000
46397.000
39325.000
41397.000
40487.000
39907.000
47091.000
39048.000
40543.000
43157.000
44424.000
40621.000
40530.000
40302.000
40227.000
43450.000
40089.000
39033.000
39860.000
39100.000
41074.000
39162.000
40440.000
42174.000
45497.000
43763.000
40988.000
41214.000
43129.000
40996.000
39506.000
37927.000
42307.000
38982.000
39284.000
40193.000
39762.000
41880.000
40953.000
44325.000
39309.000
40325.000
41981.000
37870.000
40071.000
40882.000
42474.000
42709.000
40619.000
41182.000
41292.000
41255.000
40692.000
42139.000
39519.000
41738.000
46489.000
41824.000
44001.000
41109.000
39584.000
41298.000
40430.000
40345.000
40061.000
37849.000
40597.000
45733.000
41504.000
41182.000
38187.000
40556.000
39263.000
43490.000
40815.000
39702.000
40456.000
41002.000
42464.000
43593.000
40133.000
39603.000
39197.000
38354.000
42271.000
39845.000
41154.000
39966.000
38193.000
42476.000
42391.000
33321.000
43745.000
42579.000
43848.000
35809.000
41570.000
40256.000
38921.000
38840.000
42101.000
45208.000
39630.000
39132.000
43802.000
43072.000
30467.000
42040.000
36611.000
41046.000
41529.000
40906.000
48642.000
39513.000
40469.000
42807.000
43195.000
40457.000
39536.000
41090.000
39714.000
40494.000
39099.000
39379.000
40880.000
39578.000
38964.000
40081.000
35744.000
39649.000
41624.000
38544.000
39268.000
40494.000
43457.000
39183.000
47404.000
40666.000
35890.000
43298.000
38495.000
40054.000
39597.000
41975.000
42484.000
37495.000
41689.000
38684.000
41553.000
39976.000
47896.000
40730.000
40256.000
39450.000
41948.000
41513.000
42630.000
41691.000
39594.000
46917.000
34962.000
39499.000
40665.000
47910.000
40327.000
40959.000
36930.000
38915.000
40675.000
37997.000
37954.000
35259.000
38574.000
41748.000
43291.000
47225.000
43610.000
38368.000
38797.000
37861.000
39679.000
42577.000
35839.000
38421.000
39022.000
39039.000
40424.000
40308.000
46007.000
40489.000
42380.000
37749.000
44019.000
37644.000
42723.000
42586.000
41620.000
45392.000
40002.000
39732.000
39109.000
39690.000
42496.000
38139.000
38268.000
40554.000
39858.000
49607.000
40310.000
38746.000
41127.000
40342.000
41503.000
82284.000
40747.000
41856.000
76871.000
39891.000
46264.000
37207.000
39363.000
40108.000
48453.000
41364.000
40021.000
40452.000
41888.000
39923.000
38582.000
40389.000
38039.000
45670.000
40764.000
40247.000
38735.000
42183.000
40720.000
43346.000
40142.000
79209.000
39858.000
45903.000
48119.000
38356.000
40517.000
39429.000
40262.000
41602.000
45828.000
40931.000
40065.000
43344.000
40550.000
39505.000
35875.000
41703.000
41687.000
92159.000
38872.000
39305.000
37642.000
40434.000
41042.000
44243.000
40294.000
46036.000
43376.000
39970.000
79128.000
39294.000
41720.000
39599.000
38058.000
45000.000
38249.000
44138.000
43410.000
41383.000
40721.000
89632.000
40091.000
40719.000
42309.000
40034.000
43670.000
78716.000
43289.000
34422.000
45952.000
41989.000
43080.000
41732.000
38607.000
38982.000
44141.000
41152.000
44104.000
41488.000
43849.000
41610.000
43770.000
36415.000
84770.000
40136.000
44931.000
36254.000
43130.000
39775.000
41063.000
76796.000
39826.000
41137.000
40957.000
37096.000
40661.000
39969.000
40584.000
41091.000
39142.000
39453.000
39957.000
40536.000
43506.000
41961.000
37757.000
49703.000
82920.000
42723.000
40851.000
45358.000
43046.000
82594.000
44108.000
37597.000
42404.000
43946.000
45128.000
45163.000
42808.000
37737.000
44825.000
35740.000
81287.000
44296.000
42656.000
44478.000
43804.000
42155.000
42800.000
43903.000
44642.000
40624.000
39951.000
44433.000
48237.000
49432.000
42121.000
40458.000
94476.000
43703.000
44634.000
42204.000
44275.000
39911.000
45238.000
40927.000
41943.000
41585.000
38567.000
41752.000
43305.000
43165.000
42198.000
41902.000
38654.000
40767.000
40515.000
39712.000
41219.000
41172.000
39479.000
42192.000
41774.000
40540.000
41888.000
44419.000
40810.000
87411.000
44836.000
47709.000
38402.000
35693.000
44366.000
95261.000
45063.000
47273.000
41020.000
43303.000
40455.000
40450.000
39458.000
40659.000
42074.000
40680.000
41667.000
40416.000
42918.000
39842.000
44395.000
40860.000
40561.000
38856.000
39774.000
38353.000
40916.000
79586.000
38567.000
38745.000
42217.000
40063.000
40845.000
79546.000
39722.000
40825.000
39475.000
44887.000
78609.000
40004.000
40124.000
51642.000
39943.000
40625.000
40428.000
36707.000
90165.000
40276.000
41900.000
42677.000
45051.000
40895.000
40004.000
44407.000
40300.000
40892.000
41004.000
43228.000
44102.000
43133.000
40551.000
38913.000
40465.000
48662.000
42515.000
38611.000
40072.000
40867.000
123927.000
43689.000
39436.000
68024.000
41657.000
43788.000
41944.000
40809.000
41898.000
42519.000
39339.000
41146.000
41590.000
42803.000
45858.000
41549.000
41549.000
38437.000
42505.000
48460.000
39526.000
40907.000
41127.000
44062.000
41178.000
38668.000
37120.000
40126.000
41227.000
40596.000
40507.000
41312.000
36962.000
39418.000
38852.000
39953.000
48080.000
43417.000
38994.000
38711.000
40768.000
39928.000
33330.000
40561.000
43520.000
41186.000
39891.000
40568.000
45094.000
40284.000
39899.000
39841.000
41146.000
39469.000
43792.000
38891.000
41121.000
46803.000
40047.000
44822.000
38104.000
46193.000
40109.000
41320.000
39441.000
39428.000
45747.000
43218.000
36883.000
40999.000
39953.000
37765.000
39704.000
42044.000
40817.000
44362.000
42198.000
35737.000
40880.000
37110.000
45297.000
39582.000
43804.000
40156.000
39576.000
37439.000
42135.000
40868.000
36693.000
41065.000
45233.000
41284.000
40990.000
39730.000
39248.000
42576.000
40696.000
44561.000
39450.000
40312.000
39125.000
47837.000
39101.000
45514.000
41026.000
40462.000
38262.000
40960.000
42545.000
46310.000
43293.000
38414.000
39733.000
42182.000
43592.000
37664.000
45099.000
38994.000
43419.000
41699.000
39755.000
43068.000
42196.000
43590.000
37088.000
40196.000
42186.000
40029.000
39466.000
40767.000
40255.000
39894.000
41353.000
44149.000
38335.000
46682.000
42924.000
39766.000
40681.000
43880.000
40819.000
39645.000
41066.000
39414.000
43511.000
39590.000
39014.000
40967.000
38739.000
44595.000
43500.000
40947.000
36214.000
42707.000
44088.000
64319.000
40507.000
36674.000
40379.000
41738.000
38671.000
39207.000
45300.000
40095.000
38747.000
35724.000
39550.000
41160.000
43165.000
30173.000
46234.000
44703.000
45694.000
33554.000
44670.000
44719.000
38694.000
41261.000
41245.000
43850.000
43077.000
30492.000
67243.000
41082.000
43081.000
43591.000
41768.000
42683.000
39980.000
45301.000
49268.000
44824.000
40391.000
54741.000
42647.000
45457.000
39599.000
36704.000
35395.000
42673.000
42470.000
44220.000
40685.000
43788.000
38932.000
46608.000
45070.000
44540.000
42354.000
43647.000
37475.000
43638.000
38854.000
44897.000
39513.000
44226.000
42400.000
44536.000
43390.000
39108.000
41928.000
44186.000
41807.000
43822.000
40298.000
43717.000
41697.000
43680.000
44877.000
46068.000
38524.000
44487.000
40619.000
43948.000
44927.000
44473.000
40647.000
41099.000
42947.000
40077.000
39931.000
38133.000
40566.000
38568.000
40277.000
40237.000
38165.000
39476.000
39380.000
44214.000
42222.000
40882.000
38640.000
40195.000
41312.000
39551.000
40335.000
41766.000
37492.000
41172.000
40341.000
39118.000
40511.000
39464.000
40636.000
41316.000
36433.000
