19391.000
8999.000
7438.000
7450.000
7385.000
7162.000
7462.000
7339.000
7521.000
7630.000
8436.000
7328.000
7264.000
7198.000
7355.000
7669.000
7276.000
7314.000
7209.000
7246.000
6850.000
7103.000
10689.000
8434.000
6817.000
9269.000
7497.000
6706.000
7010.000
7178.000
7900.000
9030.000
7351.000
7010.000
9141.000
9114.000
8760.000
9526.000
9365.000
9356.000
6971.000
10026.000
7454.000
10956.000
7468.000
7180.000
9214.000
9029.000
8931.000
7262.000
9411.000
6877.000
9172.000
8719.000
8823.000
8568.000
7241.000
8922.000
9462.000
8652.000
9005.000
8847.000
7397.000
8265.000
8781.000
8740.000
7052.000
9362.000
8983.000
8894.000
7178.000
9041.000
7636.000
7590.000
9121.000
9031.000
8477.000
9141.000
9014.000
8563.000
8687.000
8703.000
9624.000
8551.000
8278.000
8193.000
8229.000
8612.000
7077.000
10061.000
7119.000
9200.000
8567.000
9040.000
8373.000
10150.000
8243.000
9014.000
8484.000
8500.000
8582.000
8616.000
7026.000
8999.000
8888.000
9121.000
8541.000
7128.000
7898.000
6789.000
7282.000
9125.000
9190.000
9191.000
8807.000
6969.000
9074.000
9254.000
7287.000
8456.000
7113.000
7415.000
8983.000
7121.000
9327.000
10011.000
8783.000
8598.000
7116.000
8916.000
8581.000
8762.000
7158.000
8449.000
9066.000
9016.000
8535.000
8358.000
8579.000
7393.000
8715.000
9196.000
8938.000
7075.000
8843.000
8877.000
6964.000
8793.000
8677.000
8415.000
7365.000
8363.000
9194.000
8925.000
8539.000
8626.000
8977.000
8902.000
9397.000
8906.000
9082.000
7505.000
8618.000
8874.000
8652.000
7229.000
7027.000
9103.000
9180.000
7331.000
6747.000
9052.000
8758.000
7458.000
8159.000
8957.000
9017.000
9297.000
8768.000
8820.000
9232.000
9000.000
7059.000
7263.000
6692.000
8620.000
8754.000
7663.000
8924.000
8703.000
8858.000
9610.000
8762.000
7439.000
9115.000
7253.000
9241.000
7541.000
9090.000
9259.000
7349.000
7106.000
8628.000
9016.000
9511.000
9271.000
7239.000
10172.000
7156.000
9070.000
7502.000
9090.000
7190.000
8508.000
7287.000
9219.000
7408.000
7630.000
7535.000
10212.000
9016.000
8525.000
7384.000
9186.000
8625.000
8774.000
9403.000
9218.000
7225.000
7410.000
7044.000
6852.000
9123.000
8784.000
9253.000
8987.000
7519.000
9859.000
7071.000
9172.000
6870.000
9040.000
8949.000
8935.000
7567.000
9342.000
7461.000
9257.000
9413.000
7340.000
7270.000
9076.000
8835.000
9141.000
7051.000
9583.000
6737.000
7140.000
7529.000
9048.000
12775.000
9672.000
9163.000
7034.000
7163.000
7300.000
7479.000
9586.000
7229.000
7064.000
6716.000
9402.000
7014.000
7060.000
9478.000
7316.000
7324.000
7332.000
9734.000
8803.000
6874.000
10186.000
9445.000
7206.000
7227.000
7030.000
8259.000
7360.000
7217.000
7083.000
7063.000
9200.000
6531.000
6893.000
7916.000
7178.000
7298.000
7227.000
7278.000
9318.000
6906.000
8991.000
8731.000
8405.000
8664.000
7099.000
8977.000
7320.000
7263.000
9900.000
9304.000
9154.000
9032.000
9204.000
7970.000
8815.000
9352.000
7362.000
7045.000
7517.000
8762.000
8760.000
7436.000
7128.000
8944.000
9328.000
9368.000
7261.000
9258.000
9155.000
6911.000
9285.000
8908.000
9100.000
7513.000
8852.000
7466.000
7064.000
9056.000
8971.000
6943.000
9245.000
7132.000
8920.000
7519.000
9506.000
6990.000
8653.000
7513.000
7142.000
7186.000
9796.000
7387.000
9217.000
7791.000
7225.000
6836.000
8967.000
7177.000
6949.000
7123.000
9134.000
7181.000
6740.000
8371.000
7239.000
7291.000
8789.000
9436.000
10569.000
7059.000
7178.000
7472.000
9836.000
8829.000
7072.000
9019.000
7089.000
7150.000
8829.000
7281.000
8657.000
6941.000
7692.000
9434.000
7186.000
9044.000
9111.000
7677.000
9450.000
9227.000
9609.000
7398.000
9557.000
9636.000
8993.000
9614.000
9395.000
8784.000
7138.000
8957.000
9555.000
9153.000
7690.000
9144.000
8989.000
8839.000
8900.000
8938.000
9648.000
7513.000
7083.000
9265.000
8586.000
9000.000
9236.000
9500.000
8991.000
7099.000
9154.000
9586.000
7276.000
9318.000
9608.000
9008.000
9098.000
7874.000
9129.000
8620.000
9169.000
8667.000
8778.000
9368.000
7903.000
7416.000
8728.000
9048.000
7632.000
8825.000
8782.000
8507.000
8910.000
8628.000
8655.000
8973.000
9300.000
8803.000
9315.000
8271.000
8928.000
8480.000
9119.000
9281.000
7458.000
10763.000
8654.000
16417.000
8701.000
9299.000
8977.000
7685.000
6845.000
10402.000
7075.000
16417.000
8231.000
6672.000
7730.000
8740.000
7166.000
9425.000
8870.000
9619.000
9725.000
7570.000
7345.000
9160.000
7965.000
6758.000
7897.000
9795.000
7653.000
7008.000
7383.000
10092.000
8868.000
6872.000
7701.000
8326.000
7152.000
10283.000
9050.000
7920.000
10729.000
7973.000
9608.000
9531.000
8911.000
9292.000
6773.000
7732.000
7326.000
9364.000
6978.000
6749.000
7473.000
7450.000
9301.000
7342.000
7656.000
7055.000
10039.000
9285.000
9233.000
9471.000
7736.000
7925.000
9169.000
17223.000
7572.000
7063.000
8081.000
7192.000
7101.000
7365.000
17475.000
8223.000
5143.000
4234.000
4088.000
4036.000
4928.000
4240.000
5029.000
5423.000
5112.000
4380.000
4255.000
4141.000
5112.000
4350.000
4039.000
5682.000
3995.000
5600.000
4080.000
5268.000
5807.000
4114.000
4122.000
4266.000
5457.000
5428.000
4603.000
4544.000
4202.000
5246.000
3999.000
4023.000
4424.000
4117.000
4136.000
3987.000
5502.000
4094.000
5589.000
4698.000
4068.000
5548.000
5045.000
5063.000
4932.000
4427.000
4107.000
4070.000
4236.000
4376.000
4173.000
4472.000
5386.000
5801.000
5496.000
5517.000
5267.000
4222.000
4338.000
5055.000
4129.000
5067.000
5183.000
5447.000
4311.000
4311.000
4656.000
4491.000
5418.000
5426.000
4840.000
5143.000
4088.000
4575.000
5865.000
4230.000
4434.000
4232.000
5408.000
5306.000
4556.000
4074.000
4200.000
5443.000
5307.000
4605.000
4250.000
4256.000
4163.000
5503.000
5437.000
5041.000
5183.000
5578.000
4265.000
4286.000
4234.000
4289.000
4348.000
5278.000
4329.000
5702.000
4197.000
4129.000
5289.000
5232.000
5294.000
5576.000
4296.000
4317.000
5637.000
4392.000
3966.000
5443.000
5627.000
4699.000
4157.000
4149.000
5787.000
4345.000
5473.000
4367.000
4173.000
4278.000
5739.000
4121.000
4201.000
5441.000
4203.000
5518.000
4520.000
5227.000
4226.000
5655.000
4256.000
5789.000
4088.000
4443.000
4336.000
4234.000
4076.000
4232.000
4105.000
4460.000
4108.000
4181.000
4414.000
5193.000
4246.000
5596.000
4605.000
4159.000
4236.000
5582.000
5349.000
4186.000
4281.000
5728.000
4247.000
4192.000
4213.000
4299.000
4254.000
4053.000
4309.000
4759.000
4851.000
4911.000
4686.000
6209.000
6169.000
6168.000
5014.000
4797.000
6343.000
6491.000
6183.000
4704.000
5848.000
6197.000
4912.000
5856.000
6066.000
4842.000
6304.000
6332.000
6017.000
5159.000
4762.000
4956.000
6176.000
6000.000
6276.000
6132.000
4842.000
6564.000
4787.000
5098.000
6323.000
4852.000
5481.000
4795.000
4475.000
4962.000
5076.000
4936.000
5368.000
4814.000
8109.000
8472.000
10056.000
9910.000
9458.000
9794.000
8614.000
5199.000
8418.000
9733.000
9275.000
9230.000
9847.000
10043.000
9827.000
49802.000
6538.000
5022.000
5046.000
5006.000
6222.000
6006.000
4778.000
6272.000
7899.000
8107.000
9573.000
7784.000
4955.000
5262.000
6240.000
6234.000
4579.000
5805.000
6753.000
5173.000
4826.000
6006.000
6110.000
6053.000
5889.000
5932.000
4725.000
5015.000
6435.000
5311.000
5258.000
6349.000
5015.000
4966.000
5229.000
6316.000
5013.000
6416.000
5988.000
6315.000
5207.000
4562.000
4648.000
6069.000
4801.000
6219.000
4775.000
4639.000
5499.000
6876.000
6408.000
5966.000
6759.000
6424.000
5232.000
5702.000
4962.000
6039.000
6168.000
5033.000
4958.000
6738.000
5071.000
5706.000
4997.000
6002.000
6355.000
6941.000
5172.000
6846.000
5106.000
6087.000
6716.000
6140.000
6304.000
6345.000
4944.000
4658.000
5946.000
5990.000
5025.000
5120.000
5787.000
6156.000
6412.000
5733.000
7393.000
6443.000
5880.000
6146.000
4962.000
4826.000
6061.000
5996.000
5954.000
5193.000
5041.000
6071.000
4804.000
5056.000
6499.000
7340.000
6033.000
6372.000
6653.000
6360.000
4991.000
4660.000
6308.000
5181.000
4885.000
5964.000
6011.000
6114.000
6173.000
5090.000
4998.000
5008.000
5100.000
6339.000
5146.000
4690.000
6292.000
6193.000
6145.000
6304.000
5846.000
5723.000
5858.000
7357.000
5828.000
6180.000
5810.000
6552.000
22581.000
4897.000
6570.000
5108.000
6134.000
4954.000
6621.000
5173.000
5003.000
8191.000
7636.000
5041.000
6943.000
6457.000
1315483.000
8796.000
4682.000
4540.000
4692.000
4504.000
4554.000
4752.000
4497.000
5483.000
4522.000
4840.000
4447.000
4798.000
4295.000
4173.000
5822.000
4348.000
5380.000
4197.000
5308.000
5477.000
5128.000
4356.000
5471.000
5362.000
4402.000
4461.000
5724.000
5516.000
5227.000
5495.000
4518.000
5811.000
5715.000
5637.000
5690.000
4107.000
4234.000
5892.000
5712.000
5552.000
4258.000
4315.000
4419.000
4275.000
5244.000
4193.000
4366.000
4483.000
5666.000
3922.000
5280.000
4262.000
5647.000
5359.000
4256.000
4335.000
4236.000
4295.000
5475.000
4414.000
4313.000
4287.000
4218.000
5335.000
5582.000
5548.000
4177.000
5578.000
4439.000
4266.000
5802.000
5392.000
4060.000
5501.000
5186.000
4372.000
4143.000
5645.000
4109.000
4275.000
5339.000
5276.000
5511.000
5374.000
4084.000
5649.000
4461.000
5359.000
4733.000
3974.000
4276.000
3944.000
5124.000
4088.000
5250.000
5366.000
5335.000
4155.000
5244.000
