519319484.000
575753249.000
570940531.000
575160206.000
573025734.000
575967767.000
572126124.000
575931746.000
572257021.000
575009145.000
574558437.000
539132647.000
608405381.000
575906713.000
571137840.000
575882108.000
521546779.000
627441766.000
572441336.000
521254728.000
521283605.000
679192213.000
572517493.000
575260803.000
572997456.000
520824142.000
628265616.000
574282437.000
572279648.000
521292712.000
521323926.000
681480264.000
583511839.000
564689272.000
520769448.000
520903581.000
520149477.000
734027763.000
571325091.000
576161500.000
573060565.000
575745667.000
574345318.000
570917652.000
538014149.000
519629806.000
666516152.000
574343710.000
571855404.000
519099553.000
522563956.000
521322591.000
520057069.000
788148433.000
519728681.000
521595349.000
682395830.000
573276193.000
519944915.000
628670782.000
521369577.000
624716123.000
522328998.000
628085576.000
571090479.000
575824379.000
574169664.000
574478152.000
572185954.000
519850454.000
671408434.000
532023933.000
519967584.000
519233459.000
521335452.000
523094204.000
518815852.000
520188299.000
518904604.000
664899172.000
574108725.000
519966103.000
519485922.000
683069622.000
572406960.000
572944140.000
575232300.000
571594449.000
519122444.000
628642260.000
574947653.000
576131851.000
571331679.000
576100313.000
573754065.000
572847807.000
575624021.000
521787301.000
519069246.000
681633623.000
524834994.000
523445255.000
674098104.000
573949687.000
521841512.000
520671064.000
523696460.000
727308731.000
574547553.000
519915817.000
627277411.000
519771206.000
628386873.000
575984393.000
572965919.000
572914942.000
574868982.000
574178673.000
572419783.000
576749074.000
572265467.000
522040879.000
520761515.000
521628902.000
522979327.000
522275519.000
519699684.000
518719831.000
520520741.000
711545487.000
522154021.000
627267715.000
572394383.000
573290896.000
573748516.000
573906067.000
521101718.000
627514293.000
574769259.000
574235200.000
573952666.000
521753218.000
626400686.000
521789832.000
625258830.000
572333213.000
575532507.000
521972482.000
624848644.000
574627398.000
573312908.000
521964381.000
628333995.000
520749594.000
626192802.000
522811598.000
520270779.000
521666865.000
521264807.000
783735539.000
520067255.000
627154193.000
575309186.000
521007521.000
519579394.000
519225504.000
518760012.000
519143119.000
520271144.000
613029545.000
572713758.000
520534630.000
520841929.000
520012227.000
735451847.000
537275828.000
539735698.000
521170461.000
520306056.000
519789665.000
806311929.000
521978051.000
520549828.000
678858116.000
575233783.000
573532009.000
575478832.000
572446422.000
519823258.000
518660162.000
519943500.000
737658349.000
573342785.000
573514189.000
575328602.000
521629378.000
625159438.000
576026277.000
572220055.000
572898714.000
576612494.000
575582252.000
571538420.000
524492326.000
623932981.000
572214709.000
575305346.000
573822486.000
574267620.000
575399564.000
179691262348.000
573435821.000
573057915.000
520266833.000
519823731.000
682181098.000
575343435.000
519134090.000
628955686.000
521070230.000
520688655.000
680431283.000
573635610.000
521650767.000
517835876.000
520596156.000
735776811.000
521479152.000
626429524.000
573424614.000
572593633.000
575606904.000
522752819.000
522057109.000
679742258.000
520745851.000
624540688.000
573686773.000
575429097.000
522006510.000
522646862.000
522286386.000
522380668.000
523158555.000
806444325.000
523474109.000
521040645.000
520576481.000
522559698.000
519583607.000
574674978.000
519770666.000
519128381.000
521520223.000
735712345.000
576220141.000
570895423.000
574210640.000
521555713.000
542038073.000
521143021.000
520583458.000
520692056.000
521415364.000
520664865.000
520036739.000
690987237.000
574638660.000
522021517.000
541181789.000
521215944.000
710286989.000
573491732.000
575791865.000
573408430.000
573435738.000
574551900.000
575325103.000
571800941.000
573474072.000
575330804.000
572413503.000
574888732.000
573308084.000
574539798.000
574035226.000
522192711.000
521968232.000
679576898.000
572096956.000
576242667.000
571429892.000
521262460.000
519815251.000
520311805.000
520747133.000
518831480.000
518806318.000
611585479.000
538215023.000
609747471.000
573566221.000
537289259.000
614369140.000
570744555.000
522036574.000
628439091.000
521620423.000
625352379.000
523324065.000
521352520.000
521104465.000
519155524.000
521609659.000
548954607.000
521459576.000
629049239.000
523148056.000
524256581.000
672670764.000
520510409.000
520007373.000
520563874.000
521075641.000
519171705.000
520980903.000
608703319.000
575009797.000
520121518.000
520998502.000
522009594.000
521495800.000
521253657.000
521983592.000
522028240.000
519934011.000
708837279.000
521158189.000
521918329.000
521109567.000
521653709.000
521346223.000
712423257.000
772534159.000
853902516.000
519963198.000
561280305.000
574732614.000
576046936.000
571404848.000
540789509.000
608225524.000
573040384.000
575846378.000
572931418.000
573763403.000
573477691.000
521494304.000
520438667.000
681767172.000
571808578.000
574070894.000
521143007.000
628373480.000
573905542.000
573745753.000
520818309.000
521170695.000
678884733.000
573221811.000
522357080.000
525864992.000
675790008.000
571970616.000
524419570.000
624468019.000
574070720.000
574741633.000
521642847.000
521654471.000
522939115.000
521790708.000
522422395.000
834186698.000
573835101.000
574759257.000
571218057.000
521530747.000
520392985.000
520866402.000
520360522.000
521774354.000
519708201.000
518490108.000
655687154.000
522436292.000
536089460.000
519732947.000
725940298.000
522443044.000
623946301.000
574325175.000
573441649.000
521928390.000
626923384.000
576718578.000
572604244.000
573456579.000
572176131.000
519979468.000
520865891.000
683133771.000
573738258.000
571776783.000
575855972.000
573684056.000
573863015.000
518678539.000
520526159.000
519657613.000
540062821.000
538752216.000
805990846.000
576073143.000
572864584.000
574672234.000
523521524.000
623691655.000
572841269.000
520757273.000
520265313.000
520217593.000
737601265.000
522389752.000
522095284.000
539576608.000
518552884.000
520759679.000
520020062.000
519936054.000
520559098.000
695320880.000
571217652.000
519891233.000
916530658.000
573889004.000
519619735.000
601505160.000
522090710.000
651848814.000
574784311.000
573375195.000
522631157.000
521699953.000
679443128.000
573381647.000
573336553.000
572371779.000
574664003.000
575914124.000
571788690.000
575731742.000
572696263.000
574412027.000
574831444.000
519690217.000
627853599.000
572924590.000
574143213.000
573521108.000
519546713.000
629295739.000
521881084.000
521063885.000
679121688.000
573294329.000
575893788.000
519613385.000
520650355.000
520246379.000
521211927.000
788453324.000
574349999.000
571529323.000
574606204.000
573680448.000
574848337.000
519719494.000
629763167.000
572273905.000
523175352.000
626923803.000
571264709.000
523958642.000
519900905.000
678201727.000
520871694.000
519796615.000
520648080.000
522268308.000
522564947.000
553232232.000
521021890.000
627450330.000
574873000.000
571360798.000
519011442.000
521484503.000
681699742.000
574491787.000
574007959.000
575698925.000
572596720.000
574464507.000
573796654.000
575202150.000
573388107.000
861211535.000
572717836.000
520979737.000
628598141.000
574183338.000
572930701.000
574360206.000
573163734.000
573316185.000
573600290.000
574418456.000
574764745.000
520754696.000
628129315.000
519921944.000
518648171.000
616079858.000
520065874.000
519924684.000
523406875.000
608803178.000
521470791.000
677227929.000
695105381.000
524333253.000
641307447.000
536416183.000
612220586.000
522647663.000
626658320.000
522475188.000
628976677.000
571042285.000
520882614.000
625655745.000
576808658.000
522669835.000
522499112.000
522824842.000
725746398.000
520170600.000
518944539.000
681505914.000
521728941.000
628491417.000
572324213.000
575174471.000
574598874.000
573109117.000
522096273.000
628944131.000
569647997.000
575269606.000
575774005.000
574401178.000
574376831.000
570918128.000
574971358.000
576054120.000
571809127.000
573207256.000
574977951.000
570985304.000
575468573.000
520889527.000
628268037.000
574052402.000
572247310.000
522637915.000
523588907.000
523530266.000
518758541.000
521776736.000
545485005.000
576136211.000
538314779.000
612143310.000
573382279.000
572787941.000
573032753.000
575589462.000
571079198.000
575861607.000
572406564.000
576075836.000
572317293.000
575230544.000
522437370.000
624378699.000
572974534.000
524097932.000
626477636.000
521055172.000
521173337.000
680074351.000
539285111.000
606827763.000
520315404.000
628813240.000
520408497.000
521010901.000
519931500.000
735877370.000
573486473.000
571225036.000
574292460.000
519862142.000
522572311.000
520855233.000
521612517.000
521135736.000
524775577.000
522148416.000
537416499.000
695249825.000
568451967.000
574610653.000
575544672.000
522329028.000
626980328.000
572518436.000
573235549.000
521759184.000
627563371.000
520885175.000
522571662.000
678245302.000
571290746.000
575346434.000
520220486.000
518521739.000
683144095.000
576302015.000
571698804.000
575700362.000
573366082.000
574854613.000
573882790.000
570921824.000
575023545.000
574879846.000
573403229.000
520236787.000
518634099.000
523226835.000
733460872.000
574061806.000
519151373.000
631626490.000
572548381.000
574435992.000
573483898.000
572318112.000
574895955.000
574558502.000
574667131.000
362220375050.000
526647767.000
656807726.000
521282725.000
519246106.000
520415980.000
733353260.000
574199948.000
574489690.000
573294597.000
572859813.000
518998076.000
668377022.000
520690344.000
521482650.000
519191961.000
704454663.000
521961090.000
531316924.000
520947266.000
522006439.000
521286606.000
530252377.000
575503686.000
574733329.000
573402837.000
572537513.000
573687154.000
575348032.000
572429475.000
573465379.000
576754174.000
571660607.000
574917831.000
575451858.000
573092922.000
574672360.000
521709424.000
521274896.000
522358223.000
729989368.000
521235808.000
523162577.000
678811666.000
518512994.000
628732315.000
521069279.000
521665746.000
521899682.000
521597617.000
520307674.000
520621951.000
520998376.000
521078409.000
523411499.000
520553103.000
527467904.000
573937536.000
521331926.000
626762847.000
521782736.000
626286797.000
571803961.000
575302545.000
542313476.000
523714118.000
657084684.000
572064025.000
522007826.000
522033984.000
679898818.000
572205996.000
522001646.000
522879026.000
656623770.000
594537343.000
574321122.000
580138693.000
567427372.000
576413584.000
571449493.000
575975911.000
573251707.000
574073004.000
573627844.000
861879042.000
573683401.000
575820302.000
573942517.000
575105163.000
572828848.000
572974772.000
574827299.000
572937337.000
573679179.000
575313185.000
574398898.000
522496811.000
521638260.000
521764651.000
519629036.000
520354098.000
548431493.000
574753812.000
574472311.000
573249604.000
573428105.000
522525128.000
625800045.000
572496614.000
573839891.000
574245736.000
574479403.000
572974857.000
520963016.000
627464914.000
574324087.000
575020953.000
573938641.000
572559529.000
574707564.000
574740207.000
572812696.000
576908380.000
546255105.000
600868962.000
521173893.000
632260869.000
568441761.000
571901572.000
574125591.000
576416249.000
573627556.000
574329039.000
574562674.000
572497141.000
573437768.000
575919044.000
572322802.000
574759754.000
573287444.000
575211929.000
572108927.000
575287109.000
573925617.000
573978791.000
572679310.000
576312776.000
573821072.000
572285523.000
520226201.000
628387559.000
520228751.000
626751663.000
574398468.000
575825404.000
572768640.000
575030109.000
573128027.000
573428253.000
572953419.000
520425010.000
629684479.000
519755918.000
627131409.000
522961678.000
628209390.000
571528242.000
574817125.000
574365949.000
573129027.000
574866805.000
572617439.000
573604609.000
550501196.000
520627546.000
651506312.000
575644943.000
572062973.000
575408995.000
574312293.000
571318266.000
574663113.000
573075207.000
575490703.000
574400669.000
575030172.000
572132179.000
574841157.000
574018945.000
520135470.000
520930849.000
687763569.000
567160159.000
574504244.000
574195879.000
572889308.000
592947698.000
554014001.000
573812801.000
577301796.000
572691627.000
572577106.000
574322244.000
575030800.000
519282939.000
629387345.000
598538457.000
520425241.000
607338130.000
521428292.000
619385002.000
521237920.000
567607704.000
520062889.000
690546528.000
572778235.000
580611138.000
364224227487.000
523869942.000
660304071.000
572088665.000
572890384.000
574777241.000
575741041.000
571569517.000
574176932.000
572959298.000
575351883.000
574761905.000
574727696.000
573364776.000
572385803.000
572917501.000
576192109.000
572909435.000
573051539.000
575200196.000
573431218.000
576680954.000
571790505.000
521840940.000
625746508.000
574585630.000
572780727.000
518829761.000
631071827.000
573648302.000
574552225.000
522902933.000
625733812.000
859354246.000
520031704.000
628083935.000
573212423.000
574813800.000
521103717.000
627330298.000
518824306.000
630780697.000
520942022.000
626735483.000
572398051.000
574382355.000
520060762.000
520847562.000
522322499.000
520371275.000
803817269.000
519701235.000
520369431.000
522205861.000
521381649.000
523569511.000
531980794.000
521715950.000
624752380.000
575379982.000
575236697.000
521674552.000
521031388.000
521786995.000
732681940.000
573036850.000
572336214.000
573758721.000
573024128.000
575782555.000
575864413.000
572990278.000
572583483.000
574549326.000
575100708.000
521690611.000
627645737.000
571163907.000
575383250.000
575022654.000
521837424.000
628875829.000
569864152.000
574291634.000
519866307.000
628389663.000
572878791.000
575823185.000
572143820.000
576031334.000
572701507.000
575225017.000
573342667.000
523710279.000
623491954.000
575225009.000
520587561.000
627183734.000
521816138.000
624960316.000
521695611.000
519978012.000
520137039.000
520525261.000
618739899.000
523341878.000
521541824.000
521618935.000
539509900.000
