588502379.000
560602186.000
604856919.000
566024817.000
620072048.000
867391341.000
573730242.000
580775183.000
553496453.000
564670527.000
651502103.000
556126003.000
556741546.000
851680093.000
566877574.000
868776583.000
567316324.000
874217660.000
860791697.000
860466026.000
592434560.000
729766448.000
559240726.000
696905319.000
569668323.000
573470721.000
545423353.000
559696317.000
557692073.000
544664232.000
866310963.000
566716139.000
548247180.000
658088472.000
562049133.000
655692253.000
545444503.000
2351314307.000
550081680.000
555503892.000
564130574.000
601449029.000
712938882.000
574780023.000
574820514.000
588512044.000
860801315.000
863928724.000
551844869.000
555751034.000
556370741.000
693936591.000
544980858.000
534265553.000
673580561.000
536499484.000
555612121.000
542687907.000
547464739.000
861948935.000
857518464.000
607584933.000
2265378022.000
623842459.000
530722635.000
554654720.000
862401310.000
573470492.000
873349994.000
573953121.000
574312588.000
574567677.000
573606238.000
778868398.000
533057639.000
557090383.000
541428858.000
577077925.000
731653872.000
557622393.000
621732335.000
864032718.000
864122131.000
573596042.000
568719362.000
557882317.000
593776337.000
588375231.000
552981304.000
553791371.000
641359448.000
588279830.000
537755960.000
858027315.000
574123560.000
696333815.000
578873786.000
572971069.000
556431325.000
756162376.000
556330805.000
552819241.000
556660705.000
558224968.000
793515300.000
577164324.000
574985303.000
557155073.000
577472364.000
600293038.000
554297958.000
541416102.000
538638799.000
539876269.000
699410705.000
548703652.000
560781620.000
541133922.000
870775216.000
554322740.000
538137235.000
529564208.000
532915216.000
577540698.000
564747544.000
860497465.000
677450259.000
555237836.000
538418202.000
548291565.000
567394008.000
761842625.000
584514753.000
585346420.000
569430236.000
577930851.000
560969098.000
862476089.000
573347602.000
856439587.000
860044884.000
556045576.000
549599401.000
563348204.000
2580675610.000
562176151.000
574873879.000
574564447.000
860521938.000
572440766.000
593300571.000
543050747.000
563036304.000
529550851.000
565934578.000
540963442.000
572999538.000
865764244.000
555308861.000
542875649.000
627396442.000
573435985.000
554386812.000
595739110.000
549653068.000
558126919.000
549605514.000
862067123.000
607964549.000
573536078.000
863026133.000
2854503895.000
571678719.000
859583939.000
569209095.000
571602283.000
860427925.000
859298111.000
572905716.000
862359481.000
573726519.000
596151686.000
573203825.000
540245746.000
649334165.000
864390053.000
864203721.000
848717848.000
863016246.000
573380128.000
860904833.000
563115576.000
561829474.000
577543734.000
575409696.000
3736731858.000
547626316.000
557182153.000
549806841.000
563593317.000
561263927.000
556513030.000
551280664.000
546412112.000
547647894.000
688227149.000
548920493.000
572739243.000
589196781.000
565954479.000
561914123.000
551684838.000
558410091.000
839021594.000
548807198.000
860123780.000
553481875.000
574131392.000
661128973.000
859598068.000
861586838.000
860605217.000
861728690.000
661715538.000
555620684.000
575024212.000
555519968.000
548453554.000
554623358.000
551982478.000
762777779.000
556948123.000
557419396.000
538573552.000
572326168.000
556924996.000
541853690.000
557171148.000
648803337.000
531516693.000
543276613.000
550669920.000
558908451.000
532544145.000
548007453.000
546252276.000
529744247.000
554803177.000
543543934.000
2369633473.000
563731511.000
574582692.000
556053323.000
545638915.000
562031250.000
556051469.000
633148775.000
554151641.000
575780101.000
573116294.000
563463938.000
807014432.000
565294541.000
560657374.000
700792802.000
537949796.000
670947978.000
561430099.000
627457985.000
553598428.000
861399842.000
575285287.000
553046417.000
558796158.000
548389495.000
551277663.000
548074940.000
540761893.000
557757047.000
608776163.000
555693433.000
546119174.000
556347148.000
563595293.000
535601069.000
551053859.000
537394166.000
629222315.000
542668141.000
562412683.000
541107921.000
561744970.000
861269856.000
573683595.000
549919380.000
548249211.000
724881925.000
561346123.000
540116099.000
574783132.000
613182338.000
557343911.000
2207318494.000
579601817.000
851780375.000
565718445.000
866379750.000
555085296.000
581097299.000
567209643.000
674584319.000
2576769602.000
539614112.000
539336814.000
561304215.000
862271523.000
559455112.000
541338109.000
553925989.000
554242734.000
570277770.000
621162613.000
581925595.000
544817457.000
655639365.000
554146618.000
543838673.000
539769754.000
569782026.000
808489140.000
555584573.000
2333225412.000
568569925.000
552119754.000
541602861.000
560689419.000
701940975.000
564405984.000
562701195.000
557360329.000
2306315860.000
573728298.000
553871919.000
862508078.000
585433424.000
581137820.000
599162264.000
570480578.000
573278269.000
550458876.000
561465887.000
587611395.000
548911800.000
564658902.000
663157765.000
609206592.000
551359029.000
561113654.000
567475647.000
868492217.000
569846563.000
559143256.000
571040419.000
865945681.000
574443917.000
555271665.000
539878216.000
572309488.000
599002466.000
558824137.000
615955907.000
579100284.000
565264627.000
863703219.000
541447008.000
543896402.000
750928108.000
566617998.000
861929256.000
561023959.000
546608613.000
554656482.000
619564087.000
562366254.000
540246868.000
539886919.000
570931481.000
546982098.000
544741349.000
561332107.000
555722073.000
678969151.000
560336703.000
530139842.000
581501198.000
574732848.000
551612370.000
687294159.000
540086120.000
536796402.000
546787694.000
536543820.000
545982997.000
560127576.000
557075299.000
601521357.000
535337124.000
940816355.000
731246201.000
553752864.000
593431752.000
562533748.000
586682570.000
540059227.000
666685113.000
544747689.000
663146249.000
554743916.000
572265330.000
671782467.000
574946838.000
860424947.000
556394734.000
589829516.000
557303513.000
571534958.000
555592533.000
539249113.000
534351523.000
566359243.000
543497370.000
571997254.000
860596221.000
574945743.000
866451231.000
567597001.000
550586941.000
614496942.000
573017187.000
771439121.000
701963683.000
864803795.000
545039811.000
573573599.000
562841925.000
578146006.000
574807292.000
574827905.000
869757734.000
555712399.000
595254736.000
537845340.000
551558773.000
547583265.000
546907134.000
542587469.000
543214060.000
722592702.000
573424739.000
556641589.000
532970437.000
691555082.000
623417483.000
600779326.000
574498339.000
571533213.000
746798334.000
561198774.000
555344515.000
558589964.000
626925640.000
738833133.000
573929462.000
557218617.000
560487428.000
548166826.000
720610272.000
537746086.000
662185940.000
579961280.000
685700203.000
549344657.000
531460202.000
536408812.000
573667448.000
574733268.000
557558530.000
1149923813.000
552557854.000
552111708.000
656692544.000
593807992.000
1156252832.000
2746058103.000
588761104.000
589092117.000
548568653.000
551506611.000
638380420.000
575478832.000
531410226.000
558499202.000
710312331.000
608176698.000
872064980.000
558544415.000
532042515.000
557165648.000
578369082.000
572024967.000
867614097.000
2316523265.000
572602717.000
553388440.000
676608191.000
547084874.000
537413862.000
718049155.000
872073827.000
557096556.000
557564528.000
709685260.000
547958405.000
561281984.000
536228622.000
842509025.000
576112957.000
541959884.000
558733177.000
539296917.000
562905476.000
571753889.000
568844631.000
601547182.000
838724174.000
862461217.000
2583725569.000
572452380.000
542203104.000
633686862.000
551357585.000
537015744.000
569272948.000
566100167.000
572045139.000
577581589.000
547814186.000
537541912.000
562317682.000
871729916.000
582946148.000
562355725.000
2236342766.000
546913167.000
566681580.000
539234437.000
571079115.000
572625333.000
906314879.000
593967554.000
571404740.000
537466255.000
561385129.000
543993666.000
535639483.000
549463947.000
549831025.000
534060741.000
2257657560.000
603220062.000
851681480.000
642626949.000
574097041.000
862278147.000
613623165.000
543458609.000
556458481.000
546100387.000
789370006.000
573144439.000
2279696256.000
546624886.000
574093575.000
547585424.000
553761840.000
558166853.000
538425157.000
541724842.000
541162016.000
550962574.000
863139422.000
572958208.000
559303883.000
566259499.000
864036382.000
545665662.000
859420733.000
565473306.000
608737193.000
536615311.000
641691385.000
575546260.000
573305242.000
864690963.000
570873499.000
2852348328.000
545201934.000
550065781.000
860449359.000
598906375.000
573490829.000
575655486.000
575244847.000
548963989.000
635936876.000
555949235.000
572431121.000
574102277.000
576003249.000
573119968.000
734608965.000
674793792.000
545583308.000
546566177.000
538654196.000
639352426.000
571874327.000
554536032.000
862492439.000
573401438.000
573792250.000
574544269.000
863331318.000
574453895.000
535209245.000
562579868.000
547917422.000
554650116.000
775576031.000
597481607.000
569852018.000
559374289.000
567649725.000
540086093.000
535440842.000
1108097043.000
558373480.000
863448739.000
537232470.000
549579004.000
558626192.000
534746529.000
548981521.000
551531946.000
709136300.000
540522421.000
552670715.000
549937038.000
734483719.000
572775565.000
552830565.000
584452742.000
566828696.000
579364896.000
860145404.000
722623390.000
572006266.000
564925007.000
575828648.000
562935538.000
640220628.000
855628987.000
862798788.000
574236173.000
869373904.000
556452343.000
911606883.000
857029549.000
638305051.000
531077737.000
560395996.000
557928665.000
730848891.000
549102814.000
862722399.000
612877084.000
557883733.000
646867069.000
819765149.000
859421388.000
604143423.000
745779253.000
530832305.000
890999158.000
859500133.000
546142510.000
544168097.000
571479428.000
573699043.000
575823670.000
595234181.000
824464853.000
2351451028.000
865831481.000
546542534.000
565301409.000
649037336.000
608914817.000
562046658.000
548741801.000
862918317.000
558368581.000
716724996.000
576095554.000
861322429.000
865904608.000
562377526.000
575047560.000
862578991.000
545725528.000
537551253.000
852082874.000
589711370.000
557115011.000
527492762.000
545697786.000
555223473.000
626826069.000
533071682.000
571741867.000
539593727.000
549350842.000
546631759.000
546225988.000
560765355.000
603476877.000
566389606.000
545289759.000
561158582.000
759236075.000
572024774.000
540583974.000
864540294.000
686367308.000
861409271.000
545666353.000
637844188.000
861288525.000
860891533.000
557805288.000
576051827.000
585352927.000
861727083.000
556339463.000
562676349.000
535094738.000
573177499.000
604676514.000
575099108.000
863507019.000
606832914.000
863738859.000
541846122.000
860405071.000
603787319.000
558563572.000
546763592.000
558410645.000
550876532.000
604825296.000
573562322.000
572995191.000
863027257.000
857411374.000
856344462.000
529454809.000
583107751.000
556653920.000
587341865.000
542284506.000
573027139.000
566361537.000
614877421.000
865029568.000
572017140.000
861622410.000
863224223.000
550331757.000
569084808.000
574689542.000
555481666.000
533182962.000
536505090.000
756716672.000
596923294.000
592522060.000
2268073023.000
548950528.000
569599380.000
578600685.000
860219115.000
576360795.000
574991699.000
571193910.000
555065110.000
2199179985.000
569682129.000
547728590.000
564668045.000
550491104.000
560826643.000
863531878.000
555948728.000
566896353.000
859098494.000
543642202.000
541219980.000
532421927.000
593537768.000
554287386.000
556131100.000
550662544.000
540478963.000
573952381.000
575268708.000
574245231.000
574018584.000
574743793.000
545535996.000
530296954.000
628459970.000
860564199.000
573133147.000
860228058.000
863260391.000
574328589.000
573367775.000
540592343.000
600632505.000
527701437.000
2216151958.000
542154388.000
590657415.000
570957759.000
549921511.000
555117322.000
574020939.000
573247933.000
864570704.000
533658028.000
573136026.000
557128633.000
552041995.000
2325476207.000
570139504.000
548828418.000
860177830.000
535947896.000
551391716.000
574303745.000
604729834.000
574789921.000
574184554.000
573530503.000
568897666.000
863177741.000
536252339.000
540199925.000
547570794.000
554657832.000
568996924.000
562103269.000
819490923.000
620798779.000
864830979.000
560897134.000
569638489.000
572117463.000
863378264.000
2311263054.000
564023072.000
550922289.000
556303281.000
610625255.000
614529006.000
548092184.000
550467845.000
558452283.000
578193475.000
1016106812.000
578161776.000
549706962.000
562533530.000
536794309.000
822563929.000
572714742.000
671154385.000
784511428.000
563093029.000
620218338.000
533182940.000
551833684.000
559781080.000
737374003.000
861257746.000
573015318.000
860233334.000
859030748.000
573375730.000
560197377.000
611861436.000
548926035.000
550100116.000
541639792.000
549554159.000
564971591.000
573341098.000
573309855.000
546473859.000
574714473.000
575800249.000
572605833.000
573176849.000
576129187.000
549227978.000
2952292548.000
550422867.000
574577738.000
573885437.000
586974922.000
860386691.000
688291970.000
557786478.000
557725451.000
537328680.000
567434443.000
562537358.000
558708708.000
574388269.000
576326559.000
1150408886.000
589977665.000
550182876.000
622416058.000
861293034.000
565083335.000
548859719.000
551753552.000
561188887.000
575308685.000
595149043.000
571318678.000
583666123.000
861255233.000
858363269.000
569553763.000
574929168.000
861530490.000
571895337.000
551153098.000
647228257.000
555439405.000
572434821.000
573887928.000
594171867.000
2585956814.000
575408228.000
574247583.000
566721612.000
547000422.000
554098525.000
555857427.000
540886472.000
861125528.000
559075190.000
546331195.000
547230918.000
2480554659.000
535082689.000
581906735.000
673139163.000
544248746.000
554489075.000
539702959.000
542905265.000
2872620119.000
573840204.000
571529148.000
572118408.000
538467057.000
548507017.000
700017701.000
572925806.000
607259653.000
869558897.000
590197526.000
808003274.000
860787235.000
574649707.000
570600771.000
