97601.000
45274.000
40633.000
41803.000
38355.000
39747.000
35899.000
38410.000
44076.000
37764.000
37982.000
37397.000
37534.000
37398.000
37508.000
38121.000
38959.000
37244.000
37259.000
37573.000
37705.000
37331.000
37102.000
37072.000
37471.000
36857.000
37190.000
38197.000
37526.000
37585.000
37404.000
37475.000
37607.000
37593.000
37099.000
37532.000
37995.000
37328.000
37161.000
37613.000
37224.000
37092.000
37453.000
37228.000
38374.000
37399.000
37517.000
37064.000
37765.000
37804.000
37568.000
37396.000
37267.000
37110.000
37179.000
37515.000
37528.000
37620.000
37288.000
36924.000
38384.000
37757.000
37285.000
37569.000
37196.000
37348.000
37120.000
37467.000
38677.000
37610.000
38015.000
37425.000
37443.000
37745.000
37005.000
37056.000
37275.000
37595.000
37790.000
37250.000
37783.000
63944.000
36765.000
37455.000
37717.000
37104.000
37234.000
37216.000
37188.000
37871.000
37230.000
38140.000
37048.000
43020.000
37409.000
37384.000
37382.000
37263.000
37380.000
37410.000
37286.000
37239.000
37192.000
37601.000
37371.000
37650.000
37186.000
37098.000
37485.000
37277.000
37439.000
37175.000
37796.000
37447.000
37147.000
37447.000
37919.000
36867.000
37021.000
37559.000
37492.000
36993.000
37496.000
38248.000
37455.000
37009.000
43932.000
37870.000
37307.000
37466.000
37056.000
36952.000
37183.000
37311.000
36806.000
37267.000
37263.000
36993.000
37305.000
37113.000
37463.000
37195.000
36888.000
37313.000
37003.000
36899.000
36916.000
38919.000
36960.000
36992.000
36890.000
36974.000
37392.000
37107.000
37996.000
22346.000
21523.000
21502.000
21975.000
21522.000
21494.000
21827.000
21616.000
21269.000
22470.000
21578.000
20864.000
21796.000
21738.000
21448.000
21494.000
21456.000
21622.000
23354.000
21644.000
21752.000
22048.000
21650.000
21529.000
21496.000
21052.000
21288.000
22413.000
21420.000
21275.000
21421.000
21281.000
21251.000
21499.000
21841.000
21730.000
21967.000
21663.000
21452.000
21460.000
21663.000
21689.000
21196.000
21510.000
21766.000
22074.000
21387.000
21416.000
21537.000
21772.000
21235.000
21184.000
21290.000
21470.000
22121.000
21957.000
21716.000
21269.000
23334.000
22075.000
20787.000
21524.000
21862.000
22281.000
21559.000
21203.000
21488.000
21616.000
21379.000
21867.000
21477.000
21494.000
22265.000
21449.000
21397.000
20957.000
21322.000
21706.000
21566.000
21837.000
21129.000
22038.000
21037.000
21736.000
21298.000
21775.000
21732.000
21170.000
21589.000
21604.000
23759.000
21904.000
21987.000
21158.000
21339.000
21570.000
21677.000
22067.000
21277.000
22293.000
21946.000
21922.000
21778.000
21667.000
21591.000
21643.000
21539.000
21497.000
22033.000
21372.000
21689.000
21746.000
21292.000
21803.000
21180.000
21138.000
21165.000
22186.000
21839.000
21628.000
21940.000
21596.000
21555.000
20984.000
21288.000
21446.000
22194.000
21233.000
21679.000
21057.000
21342.000
21383.000
21395.000
22094.000
21904.000
22287.000
21482.000
21878.000
21581.000
22044.000
20889.000
21746.000
21010.000
21373.000
22004.000
21308.000
21910.000
21058.000
21393.000
21665.000
21449.000
21568.000
21582.000
22303.000
21551.000
21811.000
21614.000
21525.000
21681.000
21588.000
21476.000
21073.000
22048.000
21398.000
21292.000
22149.000
21821.000
21761.000
21409.000
21140.000
21520.000
22100.000
21825.000
21054.000
21746.000
21581.000
21714.000
21077.000
21553.000
22023.000
22415.000
21699.000
21756.000
21669.000
21484.000
21643.000
21230.000
21439.000
22204.000
22348.000
21651.000
21823.000
22026.000
21340.000
21194.000
21811.000
21385.000
21902.000
22470.000
21752.000
21444.000
21679.000
21722.000
21721.000
21426.000
21956.000
21296.000
22151.000
21586.000
21454.000
21772.000
21959.000
21815.000
21813.000
21717.000
21748.000
22218.000
21108.000
21148.000
21673.000
21471.000
21314.000
21383.000
21691.000
21500.000
22932.000
21486.000
21553.000
21122.000
22010.000
21833.000
21202.000
21535.000
21252.000
22168.000
21379.000
21188.000
21983.000
21442.000
21004.000
21575.000
21705.000
21913.000
22115.000
21780.000
21803.000
21553.000
21717.000
21345.000
21766.000
21744.000
21809.000
23443.000
28491.000
30165.000
26515.000
25122.000
24086.000
25899.000
25706.000
24532.000
25844.000
25100.000
24785.000
24909.000
27277.000
21521.000
21458.000
21585.000
21683.000
22019.000
21673.000
21345.000
21695.000
21431.000
22125.000
21624.000
22009.000
21626.000
21174.000
22378.000
26055.000
24589.000
24554.000
24580.000
25112.000
24947.000
25258.000
25347.000
25161.000
26061.000
28019.000
25739.000
25213.000
24820.000
24770.000
24739.000
24393.000
28121.000
24617.000
29176.000
31120.000
63083.000
25637.000
28920.000
25649.000
27835.000
25753.000
24505.000
50952.000
24845.000
24343.000
24826.000
24737.000
25315.000
24299.000
25374.000
24809.000
24337.000
24436.000
24732.000
25075.000
24640.000
24609.000
25165.000
26096.000
25216.000
25378.000
24702.000
25001.000
24823.000
24773.000
24768.000
24871.000
25758.000
25246.000
24708.000
24911.000
24861.000
24493.000
24664.000
24664.000
24637.000
26080.000
24283.000
24788.000
24729.000
27123.000
26359.000
25185.000
26241.000
23278.000
26151.000
25974.000
25536.000
22983.000
28480.000
29867.000
22725.000
21640.000
22820.000
22235.000
21519.000
22703.000
22389.000
22079.000
21663.000
21890.000
22220.000
21270.000
22081.000
23689.000
21547.000
21675.000
21641.000
21570.000
21312.000
22200.000
22235.000
21276.000
20928.000
21470.000
21217.000
21616.000
18027.000
21369.000
23352.000
21439.000
21477.000
21375.000
21627.000
22072.000
23865.000
22749.000
22300.000
22455.000
21884.000
25043.000
21340.000
21721.000
20752.000
21255.000
21198.000
21419.000
22486.000
21713.000
21423.000
22141.000
21945.000
20939.000
22186.000
21197.000
21833.000
20908.000
21417.000
21716.000
21600.000
20957.000
21943.000
21779.000
21413.000
21424.000
21807.000
21466.000
21273.000
21333.000
21186.000
22111.000
17593.000
21113.000
21537.000
24706.000
24508.000
24659.000
24798.000
24688.000
24475.000
25389.000
20314.000
22291.000
21316.000
20884.000
21395.000
21833.000
21637.000
21738.000
21511.000
20430.000
22523.000
22346.000
22389.000
21837.000
21358.000
21522.000
21858.000
21869.000
21364.000
22079.000
21515.000
22391.000
21177.000
21677.000
21592.000
21494.000
21760.000
21774.000
21709.000
20673.000
22872.000
22570.000
21594.000
21797.000
21789.000
21560.000
21564.000
21341.000
21628.000
21561.000
22400.000
21186.000
21243.000
21402.000
22257.000
21596.000
21636.000
21383.000
21134.000
21943.000
21561.000
21690.000
21827.000
21579.000
21182.000
22580.000
24901.000
24824.000
25578.000
23965.000
26894.000
21486.000
21211.000
21257.000
21525.000
21857.000
21654.000
22404.000
21206.000
27448.000
26142.000
28098.000
21800.000
22238.000
21681.000
21288.000
21762.000
21517.000
21669.000
22458.000
21673.000
21454.000
21652.000
21962.000
21440.000
21650.000
21831.000
21537.000
22302.000
21129.000
21547.000
21298.000
21162.000
21685.000
21391.000
21714.000
21468.000
22052.000
21501.000
21426.000
22020.000
21470.000
21238.000
21476.000
20967.000
21568.000
22418.000
21412.000
21278.000
21298.000
21357.000
21719.000
21643.000
21884.000
21700.000
22360.000
21061.000
21020.000
21306.000
21381.000
21462.000
21561.000
21847.000
21351.000
22513.000
21576.000
21322.000
21744.000
21661.000
21521.000
21069.000
20921.000
20998.000
22273.000
21452.000
21338.000
21218.000
21131.000
21740.000
21271.000
21224.000
21316.000
22372.000
21527.000
21164.000
20976.000
21707.000
21652.000
21808.000
21565.000
21083.000
21951.000
21661.000
21227.000
21279.000
21326.000
21799.000
21756.000
21130.000
21113.000
21944.000
21334.000
21273.000
21742.000
21313.000
21273.000
21698.000
21365.000
21081.000
22067.000
21438.000
20860.000
21338.000
21413.000
21103.000
22176.000
21490.000
21813.000
22324.000
21476.000
21251.000
20986.000
21187.000
21592.000
22511.000
21012.000
21618.000
22267.000
21008.000
21432.000
21078.000
21280.000
21393.000
21249.000
21101.000
21207.000
21969.000
20759.000
21634.000
21381.000
21780.000
21628.000
21624.000
21606.000
21734.000
22285.000
21308.000
21283.000
21170.000
21089.000
21285.000
21833.000
21476.000
20931.000
21923.000
21006.000
21480.000
21225.000
21547.000
21882.000
21235.000
21515.000
21798.000
22285.000
21511.000
21862.000
26802.000
23283.000
21878.000
21825.000
21560.000
21414.000
21427.000
22034.000
21564.000
22050.000
21568.000
21596.000
21219.000
21969.000
21421.000
21699.000
21429.000
21898.000
22506.000
21264.000
21612.000
21562.000
21608.000
21468.000
21397.000
21476.000
21677.000
22274.000
21251.000
21747.000
21790.000
21154.000
21511.000
21622.000
21723.000
21436.000
22190.000
21724.000
21600.000
21442.000
21614.000
21438.000
35357.000
28196.000
24772.000
24962.000
26347.000
25019.000
24257.000
21945.000
21632.000
21586.000
21935.000
22079.000
21939.000
22259.000
21870.000
21825.000
21679.000
21448.000
21730.000
22002.000
21492.000
22060.000
22077.000
21726.000
21549.000
21430.000
21497.000
21659.000
21766.000
21845.000
21613.000
22161.000
21424.000
21939.000
21675.000
21979.000
21707.000
21622.000
20979.000
21338.000
22356.000
21375.000
21584.000
21454.000
21405.000
21539.000
21777.000
21558.000
21452.000
22613.000
21259.000
21742.000
21316.000
21403.000
21257.000
21800.000
21902.000
21758.000
22144.000
21336.000
21123.000
21478.000
21235.000
21418.000
21239.000
21518.000
21624.000
22419.000
21685.000
21539.000
21917.000
21724.000
21557.000
21618.000
21597.000
21819.000
22046.000
21608.000
21687.000
21521.000
21590.000
21738.000
21492.000
21706.000
21626.000
21955.000
21575.000
21369.000
21998.000
21510.000
21265.000
21882.000
21330.000
21612.000
22108.000
21746.000
21657.000
21693.000
21576.000
21821.000
21367.000
21365.000
21578.000
22253.000
21458.000
21963.000
21343.000
21580.000
21517.000
21855.000
21458.000
21549.000
22543.000
21743.000
21900.000
21900.000
21654.000
21523.000
21650.000
21559.000
21632.000
22218.000
21452.000
21377.000
21569.000
21233.000
21730.000
21941.000
21227.000
21777.000
22186.000
21583.000
21651.000
21811.000
21638.000
21908.000
21714.000
21650.000
21326.000
