356792.000
319298.000
422145.000
443639.000
396435.000
278934.000
349764.000
155104.000
114614.000
127754.000
79097.000
50055.000
89918.000
51577.000
54380.000
51896.000
54129.000
250007.000
195599.000
181546.000
170213.000
144343.000
154607.000
129304.000
79597.000
167366.000
98318.000
54024.000
56043.000
53544.000
52886.000
51961.000
51220.000
52389.000
52720.000
52122.000
51357.000
50911.000
55236.000
53611.000
54251.000
51926.000
52572.000
55021.000
56783.000
56879.000
56773.000
53068.000
57214.000
52810.000
