55704.000
52167.000
51271.000
56667.000
49363.000
51401.000
49730.000
53603.000
60162.000
53495.000
54398.000
58850.000
52775.000
50703.000
55448.000
62060.000
53776.000
56175.000
60845.000
53570.000
55861.000
56922.000
54518.000
50652.000
59086.000
56400.000
53276.000
53482.000
49655.000
48130.000
50488.000
52798.000
56747.000
47774.000
49592.000
56168.000
52450.000
153043.000
210248.000
484645.000
441409.000
462077.000
380636.000
380296.000
386158.000
387528.000
457933.000
379674.000
455728.000
447354.000
