59751.000
59810.000
60585.000
59146.000
58607.000
59305.000
59359.000
60297.000
59272.000
62948.000
58044.000
59845.000
59723.000
65482.000
60429.000
59442.000
64086.000
61154.000
59452.000
66914.000
60690.000
58228.000
61316.000
66358.000
59307.000
61133.000
57460.000
68998.000
60329.000
61826.000
60513.000
66719.000
62020.000
58966.000
59786.000
61949.000
58383.000
59263.000
60492.000
62852.000
68138.000
62165.000
58363.000
59945.000
69693.000
60900.000
60639.000
59774.000
66713.000
61439.000
