77574.000
74275.000
77114.000
77436.000
76225.000
75812.000
74170.000
76760.000
76411.000
75973.000
79208.000
78291.000
73540.000
75772.000
77991.000
75858.000
73875.000
79047.000
75172.000
73788.000
74190.000
79114.000
78936.000
75493.000
79089.000
75382.000
78462.000
75865.000
85379.000
75788.000
74818.000
95950.000
74420.000
74609.000
74113.000
73610.000
73869.000
73705.000
74868.000
73492.000
74957.000
73709.000
74404.000
73841.000
76990.000
75647.000
74275.000
73697.000
73434.000
74700.000
