2854.000
2908.000
2871.000
2884.000
2863.000
2901.000
2876.000
2864.000
2896.000
2903.000
2926.000
2894.000
2899.000
2956.000
2924.000
2952.000
2928.000
2993.000
2968.000
2939.000
2985.000
2987.000
3016.000
2985.000
2984.000
3022.000
3010.000
3012.000
2992.000
3036.000
3008.000
2986.000
3013.000
3027.000
3035.000
3002.000
3004.000
3060.000
3026.000
3041.000
3011.000
3067.000
3041.000
3016.000
3045.000
3044.000
3067.000
3012.000
3023.000
3064.000
3037.000
3041.000
3020.000
3081.000
3029.000
3073.000
3064.000
3068.000
3088.000
3105.000
3053.000
3122.000
3056.000
3092.000
3050.000
3104.000
3049.000
3085.000
3077.000
3068.000
3081.000
3076.000
3041.000
3110.000
3045.000
3116.000
3058.000
3120.000
3063.000
3087.000
3082.000
3078.000
3085.000
3085.000
3051.000
3116.000
3037.000
3115.000
3063.000
3123.000
3072.000
3127.000
3094.000
3106.000
3127.000
3129.000
3071.000
3123.000
3081.000
3117.000
