2729.000
2716.000
2720.000
2719.000
2727.000
2752.000
2754.000
2780.000
2784.000
2802.000
2797.000
2823.000
2828.000
2823.000
2845.000
2862.000
2867.000
2886.000
2882.000
2893.000
2882.000
2885.000
2890.000
2888.000
2886.000
2886.000
2905.000
2913.000
2902.000
2902.000
2915.000
2912.000
2903.000
2912.000
2929.000
2927.000
2910.000
2916.000
2929.000
2914.000
2915.000
2916.000
2913.000
2909.000
2916.000
2928.000
2923.000
2910.000
2911.000
2904.000
2918.000
2905.000
2937.000
2906.000
2922.000
2913.000
2926.000
2920.000
2938.000
2912.000
2936.000
2918.000
2921.000
2923.000
2918.000
2907.000
2927.000
2926.000
2932.000
2915.000
2934.000
2935.000
2922.000
2921.000
2935.000
2921.000
2927.000
2928.000
2947.000
2929.000
2938.000
2932.000
2935.000
2920.000
2930.000
2932.000
2948.000
2927.000
2924.000
2929.000
2948.000
2920.000
2912.000
2920.000
2937.000
2932.000
2927.000
2931.000
2944.000
2924.000
