36084343.000
36352148.000
36371328.000
37003901.000
36894099.000
39043587.000
47089741.000
36560073.000
35666332.000
36377747.000
36236268.000
36198849.000
36823894.000
47537847.000
36531252.000
40983465.000
36663572.000
35598207.000
38450447.000
36092787.000
36228357.000
36746768.000
36336494.000
36542811.000
36328973.000
36329124.000
36482567.000
36342360.000
40895168.000
37028889.000
36436446.000
36145344.000
36413233.000
36052770.000
36439293.000
36456000.000
37292689.000
36874597.000
36291188.000
36280623.000
36555085.000
36633846.000
47246915.000
36412252.000
36714930.000
36619475.000
36044530.000
37841773.000
36063606.000
36293932.000
