253580.000
196.000
237827.000
200.000
254982.000
201.000
253966.000
310.000
253342.000
199.000
254673.000
209.000
254448.000
199.000
254510.000
198.000
254908.000
200.000
248016.000
202.000
254775.000
231.000
255491.000
198.000
253850.000
200.000
254354.000
200.000
253684.000
200.000
254732.000
197.000
239720.000
197.000
254571.000
198.000
253293.000
200.000
254960.000
199.000
256181.000
200.000
254473.000
200.000
254555.000
200.000
254822.000
199.000
253042.000
198.000
255001.000
199.000
254312.000
198.000
254705.000
279.000
255453.000
198.000
254223.000
196.000
254452.000
198.000
246647.000
200.000
253591.000
198.000
254539.000
197.000
253142.000
197.000
253158.000
197.000
254272.000
198.000
254998.000
200.000
236450.000
198.000
253574.000
198.000
254131.000
197.000
256272.000
199.000
255911.000
199.000
259251.000
198.000
255866.000
199.000
257151.000
200.000
247282.000
196.000
255100.000
199.000
254743.000
197.000
254895.000
199.000
