4961255.000
6028999.000
3493791.000
2201510.000
2011410.000
2187669.000
2103123.000
5808164.000
2185188.000
3647544.000
5222307.000
3417809.000
3784772.000
2929040.000
5882417.000
4177450.000
5370519.000
5895293.000
3106356.000
6628163.000
8208683.000
9335005.000
9238515.000
2955271.000
3631861.000
2684429.000
2159347.000
7957722.000
3595589.000
2365573.000
3780798.000
2177307.000
2303992.000
3673467.000
2829030.000
5284193.000
3104552.000
2552268.000
2394825.000
5992730.000
2263755.000
2319863.000
3461281.000
2353368.000
2171490.000
2810312.000
2349364.000
2072301.000
2229717.000
5127221.000
