259833.000
198.000
259840.000
200.000
259376.000
205.000
258807.000
206.000
255737.000
198.000
260403.000
200.000
381064.000
200.000
260597.000
229.000
259417.000
198.000
259099.000
201.000
261185.000
199.000
257473.000
198.000
261102.000
198.000
260422.000
201.000
258949.000
199.000
258910.000
200.000
258673.000
199.000
261324.000
199.000
258678.000
199.000
260955.000
199.000
261825.000
231.000
259164.000
200.000
259937.000
198.000
260390.000
201.000
258673.000
200.000
260734.000
199.000
260992.000
200.000
258542.000
200.000
260122.000
198.000
257748.000
227.000
261771.000
199.000
244901.000
199.000
260044.000
230.000
260874.000
198.000
260677.000
199.000
261030.000
199.000
263291.000
199.000
259587.000
228.000
260222.000
200.000
262085.000
201.000
261728.000
228.000
260688.000
198.000
261310.000
199.000
261303.000
199.000
260401.000
199.000
262314.000
201.000
260884.000
200.000
259429.000
199.000
261454.000
200.000
259947.000
433.000
