418261.000
199.000
419990.000
200.000
392783.000
198.000
383975.000
199.000
391264.000
198.000
405396.000
197.000
441415.000
198.000
430196.000
199.000
432028.000
198.000
447238.000
199.000
442306.000
197.000
429335.000
200.000
431556.000
197.000
439947.000
199.000
439302.000
199.000
439540.000
196.000
438161.000
209.000
439889.000
199.000
441067.000
199.000
435726.000
199.000
442155.000
211.000
453104.000
199.000
447681.000
227.000
446141.000
402.000
440256.000
376.000
436157.000
198.000
242242.000
200.000
433494.000
199.000
448800.000
203.000
442039.000
198.000
440125.000
198.000
428823.000
199.000
440017.000
198.000
440184.000
198.000
440374.000
198.000
208905.000
198.000
401342.000
200.000
426048.000
199.000
208882.000
197.000
434973.000
201.000
239165.000
199.000
438174.000
198.000
441186.000
198.000
430440.000
199.000
210739.000
198.000
428839.000
199.000
441206.000
200.000
210287.000
197.000
423057.000
198.000
433802.000
198.000
