9959552.000
590.000
38003187.000
560.000
232901.000
560.000
241535.000
557.000
231625.000
558.000
236803.000
555.000
230985.000
560.000
232680.000
558.000
234243.000
554.000
236331.000
553.000
232075.000
556.000
234022.000
562.000
232531.000
558.000
227986.000
554.000
231143.000
559.000
230015.000
555.000
232922.000
561.000
233440.000
558.000
231233.000
553.000
236416.000
560.000
230259.000
560.000
232185.000
557.000
236903.000
555.000
236489.000
557.000
250026.000
558.000
241405.000
552.000
225925.000
820.000
234149.000
558.000
231576.000
556.000
234600.000
564.000
231729.000
555.000
235362.000
555.000
236701.000
556.000
232289.000
561.000
230805.000
565.000
232525.000
556.000
235731.000
553.000
234673.000
604.000
233123.000
555.000
229959.000
563.000
231961.000
555.000
233323.000
562.000
230165.000
557.000
228296.000
561.000
229188.000
557.000
231314.000
552.000
228396.000
555.000
232272.000
557.000
228883.000
564.000
229744.000
559.000
