File Size (in MB), Time(in s), Bandwidth (in MB/s)
740.000
594.000
0.00, 0.00, 11179.50
511.000
548.000
0.01, 0.00, 24235.86
480.000
531.000
0.02, 0.00, 50023.54
482.000
482.000
0.03, 0.00, 110217.84
499.000
478.000
0.06, 0.00, 222280.33
478.000
491.000
0.12, 0.00, 432790.22
480.000
487.000
0.25, 0.00, 872689.94
482.000
487.000
0.50, 0.00, 1745379.88
478.000
489.000
1.00, 0.00, 3476482.62
471.000
491.000
2.00, 0.00, 6924643.58
476.000
488.000
4.00, 0.00, 13934426.23
471.000
481.000
8.00, 0.00, 28274428.27
482.000
493.000
16.00, 0.00, 55172413.79
479.000
499.000
32.00, 0.00, 109018036.07
483.000
499.000
64.00, 0.00, 218036072.14
478.000
495.000
128.00, 0.00, 439595959.60
485.000
487.000
256.00, 0.00, 893634496.92
477.000
481.000
512.00, 0.00, 1809563409.56
485.000
501.000
1024.00, 0.00, 3474650698.60
477.000
486.000
17592186042368.00, 0.00, 61536453234620579840.00
483.000
485.000
0.00, 0.00, 0.00
468.000
495.000
0.00, 0.00, 0.00
