File Size (in MB), Time(in ms), Bandwidth (in MB/s)
766.000
535.000
0.003906, 0.314706, 0.012412
477.000
477.000
0.007812, 0.280588, 0.027843
472.000
480.000
0.015625, 0.282353, 0.055339
484.000
485.000
0.031250, 0.285294, 0.109536
478.000
487.000
0.062500, 0.286471, 0.218172
487.000
488.000
0.125000, 0.287059, 0.435451
481.000
480.000
0.250000, 0.282353, 0.885417
487.000
491.000
0.500000, 0.288824, 1.731161
484.000
491.000
1.000000, 0.288824, 3.462322
480.000
492.000
2.000000, 0.289412, 6.910569
485.000
491.000
4.000000, 0.288824, 13.849287
477.000
495.000
8.000000, 0.291176, 27.474747
484.000
488.000
16.000000, 0.287059, 55.737705
474.000
487.000
32.000000, 0.286471, 111.704312
481.000
485.000
64.000000, 0.285294, 224.329897
482.000
485.000
128.000000, 0.285294, 448.659794
482.000
493.000
256.000000, 0.290000, 882.758621
480.000
491.000
512.000000, 0.288824, 1772.708758
480.000
484.000
1024.000000, 0.284706, 3596.694215
481.000
487.000
2048.000000, 0.286471, 7149.075975
480.000
491.000
4096.000000, 0.288824, 14181.670061
485.000
481.000
8192.000000, 0.282941, 28953.014553
485.000
478.000
16384.000000, 0.281176, 58269.456067
