12839600.000
9310459.000
28538780.000
18809014.000
25086291.000
21927196.000
24918806.000
28817856.000
12718387.000
27281512.000
9805006.000
29379397.000
18219582.000
25170849.000
7951890.000
8155388.000
18490197.000
10856229.000
24045510.000
19122339.000
28346740.000
8649907.000
15494769.000
14738395.000
9475914.000
16652259.000
9077796.000
8612820.000
12123630.000
15584034.000
9044999.000
14597328.000
16494213.000
10798910.000
8644843.000
8528462.000
28854224.000
9332603.000
18852519.000
26506957.000
20668102.000
10612191.000
9076384.000
10416139.000
9159886.000
21912030.000
18574026.000
14575912.000
9548171.000
14664377.000
