29911.000
28916.000
29010.000
28824.000
34576.000
29769.000
30027.000
30968.000
29481.000
29467.000
30210.000
30002.000
29405.000
29085.000
30356.000
28793.000
28716.000
29563.000
29633.000
29632.000
29611.000
30906.000
28796.000
28924.000
29304.000
29789.000
29588.000
29354.000
28815.000
59707.000
29236.000
29565.000
28996.000
28826.000
28895.000
28759.000
29047.000
30170.000
28852.000
29013.000
29166.000
29291.000
29497.000
29920.000
31369.000
29812.000
29681.000
29464.000
29145.000
29358.000
