14683780.000
552.000
14499161.000
554.000
14886245.000
554.000
14468406.000
550.000
14652174.000
549.000
17166386.000
557.000
17359302.000
556.000
16613116.000
552.000
17460001.000
547.000
15227139.000
552.000
14500783.000
568.000
14114039.000
549.000
13728679.000
558.000
14054051.000
552.000
13682490.000
548.000
14126857.000
548.000
14321318.000
549.000
13755873.000
548.000
13885685.000
549.000
13866877.000
553.000
13416360.000
548.000
13382346.000
550.000
13211834.000
549.000
13666211.000
548.000
13984375.000
546.000
13201481.000
552.000
13153212.000
551.000
12531662.000
551.000
12594680.000
548.000
12488281.000
548.000
12545433.000
547.000
12453198.000
547.000
12608017.000
552.000
12468927.000
552.000
13824726.000
550.000
14021729.000
553.000
14215366.000
550.000
13367186.000
549.000
13063262.000
547.000
13405257.000
548.000
13995543.000
444.000
13656454.000
457.000
14048097.000
443.000
13603721.000
446.000
14394108.000
445.000
14407297.000
442.000
20633036.000
444.000
15134557.000
444.000
14286794.000
444.000
13789517.000
445.000
