47614.000
46051.000
409467.000
48266.000
47361.000
394038.000
46905.000
404322.000
48094.000
50779.000
294933.000
52442.000
47468.000
47222.000
46941.000
47683.000
406066.000
45377.000
292941.000
57712.000
46643.000
316492.000
44830.000
47684.000
44216.000
313650.000
44692.000
46947.000
330863.000
44278.000
47215.000
45256.000
316386.000
44183.000
319746.000
48009.000
44743.000
319109.000
46180.000
45246.000
43655.000
292634.000
46918.000
46486.000
47736.000
320791.000
45359.000
47922.000
314915.000
47490.000
