235318.000
549.000
234020.000
554.000
235546.000
550.000
233800.000
556.000
235062.000
563.000
233918.000
554.000
235035.000
554.000
234266.000
554.000
234829.000
547.000
234209.000
557.000
235306.000
555.000
234362.000
554.000
230503.000
549.000
233733.000
544.000
231593.000
546.000
234073.000
549.000
231101.000
551.000
233885.000
555.000
231597.000
552.000
233809.000
551.000
232225.000
552.000
234303.000
552.000
232213.000
549.000
234640.000
561.000
232537.000
556.000
234368.000
547.000
232763.000
581.000
234648.000
548.000
232957.000
552.000
233797.000
549.000
234243.000
560.000
234282.000
549.000
235107.000
554.000
233856.000
553.000
235392.000
548.000
233470.000
556.000
233823.000
554.000
229881.000
552.000
233513.000
552.000
229864.000
554.000
233598.000
549.000
232014.000
554.000
233901.000
566.000
231923.000
551.000
234359.000
552.000
232509.000
546.000
234532.000
550.000
232604.000
550.000
233966.000
548.000
232530.000
555.000
