49632267.000
50684302.000
49715665.000
51658559.000
50482067.000
50318164.000
51464517.000
50241063.000
50479926.000
51436532.000
50293552.000
50514663.000
50355888.000
50431977.000
49898061.000
51347911.000
50974840.000
50527402.000
50416999.000
50455768.000
54555805.000
50170751.000
51318834.000
51048666.000
51200344.000
50134377.000
50790197.000
50279049.000
51504158.000
90578248.000
51057329.000
50834157.000
51431873.000
50501719.000
50390838.000
50332954.000
49856790.000
53828513.000
50382287.000
51165977.000
50781609.000
51062164.000
51976434.000
55918610.000
58391424.000
50732894.000
51141346.000
51512421.000
55019151.000
51729548.000
