54580071.000
554.000
55952100.000
554.000
56648374.000
553.000
57898649.000
553.000
57564474.000
553.000
55496560.000
554.000
57156205.000
551.000
54181552.000
553.000
56139990.000
553.000
56221607.000
555.000
57181251.000
552.000
58017271.000
553.000
57081727.000
552.000
58354281.000
553.000
56987943.000
549.000
56013364.000
550.000
58662004.000
552.000
57833901.000
552.000
61253717.000
550.000
57759446.000
558.000
59719954.000
549.000
58496731.000
552.000
57252039.000
553.000
58984681.000
554.000
58316220.000
550.000
60356705.000
555.000
57860515.000
591.000
57760043.000
551.000
58665843.000
553.000
56216081.000
550.000
56368414.000
550.000
56176402.000
552.000
56952071.000
580.000
56295703.000
558.000
56638979.000
553.000
55823422.000
555.000
55088605.000
552.000
58601367.000
553.000
59756034.000
556.000
60841151.000
557.000
58910704.000
551.000
58438863.000
555.000
58161746.000
555.000
54337367.000
555.000
56121189.000
557.000
57877029.000
643.000
55963454.000
557.000
55036649.000
562.000
54557826.000
551.000
57940569.000
549.000
