3086111.000
581.000
3203562.000
580.000
3137610.000
589.000
3171767.000
582.000
3056569.000
587.000
4457624.000
581.000
3029333.000
582.000
3079340.000
583.000
3080505.000
583.000
3063526.000
583.000
3085144.000
587.000
3176276.000
737.000
4801018.000
748.000
3418073.000
729.000
3248988.000
719.000
3297888.000
739.000
3399679.000
704.000
3321264.000
723.000
4538969.000
670.000
3309769.000
746.000
3344210.000
717.000
3264459.000
775.000
3797047.000
701.000
3460519.000
733.000
4813877.000
755.000
3484457.000
734.000
3231379.000
611.000
3101737.000
725.000
3092722.000
706.000
3151856.000
774.000
3123652.000
722.000
4586281.000
727.000
3248572.000
749.000
3155213.000
695.000
3164698.000
745.000
3115073.000
738.000
