244555.000
202.000
248341.000
230.000
245417.000
198.000
243641.000
198.000
237883.000
197.000
245316.000
200.000
235577.000
198.000
235909.000
197.000
237038.000
200.000
236496.000
200.000
242169.000
199.000
240141.000
199.000
236881.000
196.000
237383.000
197.000
237747.000
200.000
237925.000
198.000
237404.000
201.000
237446.000
198.000
235879.000
200.000
248542.000
198.000
242064.000
204.000
237775.000
199.000
242277.000
198.000
238331.000
200.000
237861.000
201.000
237743.000
197.000
237335.000
198.000
237554.000
198.000
237391.000
200.000
239968.000
202.000
235956.000
197.000
244406.000
200.000
237940.000
199.000
238300.000
198.000
237052.000
199.000
245166.000
200.000
239969.000
200.000
237484.000
229.000
238216.000
198.000
245637.000
202.000
241106.000
199.000
237976.000
201.000
238427.000
198.000
238572.000
198.000
237020.000
197.000
244312.000
198.000
236995.000
197.000
238857.000
203.000
240102.000
198.000
237004.000
199.000
