62478581.000
600.000
57745785.000
602.000
63323227.000
620.000
64061901.000
592.000
63256495.000
606.000
66356871.000
586.000
64356819.000
729.000
66186434.000
585.000
62875694.000
591.000
63189356.000
590.000
60747810.000
597.000
58598814.000
593.000
60858838.000
590.000
58588111.000
588.000
60098742.000
598.000
59146121.000
600.000
60855134.000
586.000
56605015.000
596.000
62960791.000
587.000
64365974.000
607.000
59900239.000
598.000
62987972.000
595.000
59282319.000
585.000
62068492.000
600.000
60033082.000
589.000
56415479.000
598.000
60767771.000
592.000
56698883.000
596.000
61375121.000
597.000
66689186.000
597.000
61175497.000
593.000
61591769.000
686.000
62447211.000
590.000
61311117.000
599.000
62869328.000
591.000
62022793.000
589.000
63878737.000
587.000
61794409.000
593.000
66299179.000
605.000
64259077.000
595.000
64120035.000
603.000
54702734.000
589.000
57806840.000
589.000
64539147.000
595.000
58785246.000
568.000
61338726.000
590.000
64593376.000
587.000
59922797.000
592.000
65802252.000
584.000
65105726.000
598.000
