46600.000
185700.000
189252.000
43450.000
186710.000
44154.000
180315.000
182625.000
44196.000
183100.000
45366.000
184344.000
184940.000
46004.000
186162.000
190991.000
48440.000
183594.000
43285.000
185374.000
47552.000
186344.000
179708.000
45717.000
184779.000
183529.000
49626.000
181778.000
45995.000
187576.000
183690.000
45291.000
190428.000
181513.000
46660.000
187698.000
45779.000
186129.000
189301.000
47310.000
186756.000
45126.000
186151.000
190218.000
47810.000
187219.000
191006.000
62731.000
184276.000
43523.000
