621354.000
547.000
234233.000
556.000
229713.000
550.000
626926.000
552.000
229708.000
543.000
232148.000
549.000
233569.000
552.000
625605.000
536.000
230040.000
551.000
231729.000
553.000
622245.000
552.000
230832.000
549.000
229968.000
553.000
622587.000
556.000
230019.000
551.000
229791.000
551.000
229526.000
557.000
626325.000
552.000
229663.000
551.000
230113.000
556.000
620656.000
553.000
233083.000
552.000
230387.000
557.000
229844.000
551.000
624125.000
549.000
231685.000
551.000
230288.000
550.000
624176.000
551.000
233467.000
550.000
233613.000
555.000
625340.000
548.000
238536.000
558.000
230679.000
549.000
631644.000
550.000
232646.000
549.000
230217.000
552.000
230017.000
553.000
625361.000
551.000
229997.000
549.000
229549.000
552.000
233040.000
552.000
619909.000
548.000
230259.000
553.000
232748.000
550.000
620044.000
550.000
231372.000
556.000
229195.000
554.000
229703.000
554.000
617723.000
553.000
233064.000
553.000
