5734770.000
9589131.000
9978906.000
4781349.000
6440666.000
5565575.000
5268806.000
4993735.000
4437954.000
5076603.000
4954723.000
7092388.000
10480481.000
11816885.000
14388039.000
8683207.000
6641822.000
5632397.000
4806472.000
4697908.000
7326030.000
5766266.000
7689062.000
6199364.000
4191445.000
4228090.000
7475419.000
4315734.000
4243375.000
4122629.000
4573301.000
7417017.000
5345719.000
8435276.000
7636988.000
5241730.000
8992366.000
5847525.000
7324979.000
5744437.000
8962923.000
4953704.000
4642733.000
7451544.000
11058563.000
12809929.000
7873803.000
4413357.000
4523871.000
5720255.000
