60721260.000
569.000
60451508.000
569.000
62125284.000
574.000
59962853.000
565.000
59057621.000
570.000
59035641.000
601.000
58409806.000
573.000
58086423.000
708.000
55725563.000
571.000
57240963.000
568.000
57971332.000
573.000
56617654.000
572.000
61070620.000
557.000
58746542.000
577.000
58147118.000
567.000
59002122.000
565.000
56445609.000
575.000
55347089.000
570.000
57852054.000
571.000
58351119.000
573.000
56863215.000
567.000
56463304.000
571.000
54651578.000
572.000
54605980.000
573.000
53235436.000
571.000
55782703.000
570.000
55595055.000
577.000
56864760.000
572.000
57266563.000
572.000
54180314.000
574.000
58805902.000
567.000
55115253.000
566.000
55342127.000
570.000
54878097.000
573.000
58574633.000
572.000
56325092.000
572.000
56232980.000
563.000
55976867.000
573.000
57871872.000
574.000
58416342.000
570.000
55163229.000
570.000
55867926.000
571.000
54272737.000
572.000
61866273.000
575.000
55492622.000
571.000
55897686.000
573.000
54586477.000
667.000
54258719.000
572.000
57868212.000
575.000
54854287.000
572.000
