47081.000
41152.000
42648.000
48983.000
45105.000
46696.000
45260.000
44843.000
46334.000
45702.000
47749.000
46337.000
45446.000
46616.000
47879.000
46220.000
45515.000
42535.000
40683.000
45841.000
46862.000
43103.000
41196.000
40947.000
41974.000
43469.000
43935.000
43910.000
44595.000
47746.000
45185.000
46488.000
44096.000
47190.000
47140.000
46766.000
44883.000
48645.000
43292.000
48047.000
47008.000
45764.000
45408.000
47477.000
44213.000
42662.000
42940.000
44804.000
44697.000
46933.000
