36568242.000
37661939.000
36351927.000
36126105.000
36340817.000
36185476.000
37771377.000
36120331.000
36496956.000
36306405.000
36283989.000
36486704.000
36600003.000
35966308.000
36415314.000
37071887.000
37486372.000
36201966.000
41467991.000
37018624.000
36460996.000
37128730.000
37020387.000
36722128.000
37086322.000
37968344.000
37267514.000
36250923.000
36437084.000
36127281.000
36262050.000
39759646.000
36343565.000
39662316.000
36142790.000
39345984.000
41895424.000
36529799.000
36668682.000
35979114.000
36535579.000
37759275.000
36268315.000
36506491.000
36290749.000
38871203.000
37473737.000
36478234.000
36327565.000
36454974.000
