56768494.000
556.000
54663188.000
597.000
54361639.000
571.000
55673833.000
549.000
56578485.000
574.000
56946708.000
548.000
57026044.000
549.000
59886666.000
547.000
56374692.000
548.000
55980113.000
548.000
57127856.000
551.000
59421731.000
559.000
57852559.000
547.000
59494897.000
550.000
60669502.000
552.000
58779015.000
547.000
59415058.000
561.000
57794523.000
550.000
58837491.000
549.000
57522273.000
553.000
59079235.000
584.000
60482079.000
561.000
60257491.000
549.000
57481344.000
563.000
57624077.000
557.000
56576522.000
554.000
55187253.000
549.000
59369664.000
547.000
59191862.000
558.000
60446441.000
552.000
57832635.000
560.000
57894361.000
547.000
61032252.000
559.000
62666994.000
547.000
62819443.000
548.000
60430272.000
558.000
60376804.000
578.000
61470446.000
550.000
62704711.000
571.000
63036722.000
549.000
63778467.000
564.000
64308106.000
552.000
65051467.000
556.000
64896367.000
553.000
62698792.000
549.000
63472740.000
559.000
65913097.000
549.000
63482036.000
556.000
64758266.000
552.000
65347065.000
551.000
