6716751.000
447.000
6612937.000
442.000
9882998.000
441.000
6902650.000
442.000
6873314.000
443.000
6819462.000
443.000
6719604.000
446.000
7232808.000
445.000
9611520.000
442.000
7213575.000
473.000
6870061.000
443.000
6658026.000
443.000
6677734.000
444.000
6608963.000
442.000
6726897.000
446.000
9555608.000
443.000
6469606.000
446.000
6610169.000
448.000
6641783.000
442.000
6670003.000
585.000
6797913.000
585.000
9332158.000
586.000
6425691.000
585.000
6334126.000
581.000
6667579.000
583.000
6165998.000
580.000
6298613.000
621.000
6447729.000
586.000
9203554.000
585.000
6193293.000
582.000
6382079.000
586.000
6258701.000
582.000
6521960.000
590.000
6472859.000
586.000
9049074.000
581.000
6246526.000
580.000
6665769.000
580.000
6705626.000
581.000
6515939.000
582.000
6430269.000
586.000
6491285.000
581.000
8608941.000
617.000
6155391.000
583.000
6112564.000
582.000
6250633.000
582.000
6023166.000
582.000
6209828.000
582.000
5969846.000
587.000
8614671.000
585.000
6311994.000
610.000
