42083.000
46392.000
49958.000
42553.000
41758.000
41533.000
42802.000
44283.000
43996.000
41198.000
41837.000
41923.000
42072.000
43522.000
42766.000
41742.000
43569.000
42191.000
42194.000
43246.000
41545.000
42740.000
41752.000
47090.000
42224.000
43891.000
43687.000
41799.000
42590.000
42194.000
43893.000
42406.000
44194.000
42860.000
42285.000
42188.000
42760.000
42482.000
41784.000
42173.000
41926.000
41843.000
43111.000
43284.000
42533.000
42273.000
42248.000
41862.000
47299.000
41584.000
