66529.000
75505.000
79046.000
74624.000
72516.000
77171.000
90675.000
74907.000
72026.000
72233.000
79591.000
71266.000
74696.000
74861.000
74808.000
71872.000
72334.000
73524.000
70976.000
74126.000
97848.000
88335.000
78880.000
79820.000
72266.000
70116.000
75374.000
71314.000
89038.000
77546.000
72697.000
71255.000
78220.000
70905.000
75122.000
72008.000
73174.000
74747.000
72814.000
94914.000
71775.000
74391.000
72060.000
73945.000
72889.000
73577.000
70473.000
71751.000
71148.000
76376.000
