36777370.000
36673295.000
37216139.000
36486951.000
37113904.000
36989668.000
38994530.000
36777350.000
37328537.000
37251184.000
37662358.000
36764514.000
37499874.000
37073556.000
36140417.000
37702424.000
36904263.000
36588699.000
38128844.000
37423196.000
38694181.000
37545315.000
39204412.000
39061590.000
37365160.000
37588422.000
38021719.000
37249051.000
37662551.000
36787827.000
37379251.000
37238977.000
38424923.000
37631600.000
36969722.000
39268855.000
36726935.000
37500096.000
36755445.000
38187363.000
39195409.000
37497459.000
38087768.000
37134638.000
39395461.000
37119532.000
38115031.000
36861400.000
36846982.000
36877609.000
37671054.000
38500277.000
39015878.000
36624991.000
40576580.000
37682319.000
37466431.000
39179577.000
37474506.000
39683470.000
37803485.000
37666250.000
39362770.000
37610503.000
39149751.000
37790268.000
37484494.000
37036407.000
36858355.000
37657476.000
38324706.000
37661544.000
37559218.000
37320910.000
38958860.000
36782261.000
38469118.000
38991949.000
43726885.000
37994905.000
38404777.000
38543911.000
37743178.000
38043989.000
38372579.000
38660368.000
37578459.000
41047890.000
38264481.000
39994210.000
39009275.000
38272223.000
42315814.000
37647011.000
37892662.000
37484340.000
37658991.000
38772535.000
37982138.000
39868991.000
