44909.000
47180.000
47549.000
48168.000
45813.000
47762.000
45039.000
45823.000
44959.000
45161.000
46565.000
47011.000
43314.000
52900.000
46397.000
47481.000
43485.000
45314.000
46589.000
46518.000
228211.000
312867.000
201196.000
42518.000
46940.000
46115.000
46833.000
47047.000
43919.000
284126.000
501405.000
47681.000
54640.000
305086.000
438707.000
45066.000
48217.000
44759.000
47776.000
45795.000
48260.000
47748.000
276352.000
396435.000
48738.000
45877.000
43891.000
48009.000
47899.000
47301.000
