2445251706.000
2397004669.000
2367918090.000
2553587959.000
2606098540.000
2645647134.000
2921485477.000
2824086243.000
2492562372.000
2376883399.000
2355366764.000
2392475156.000
2558392182.000
2641373767.000
2652750798.000
2627568328.000
2807159175.000
2552458422.000
2384980118.000
2370324546.000
2399997294.000
2409950012.000
2411934950.000
2361753267.000
2384976406.000
2440482495.000
2360766440.000
2376004917.000
2377142603.000
2422425115.000
2439214830.000
2415109086.000
2443242515.000
2368240684.000
2377598967.000
2409034145.000
2434546849.000
2369167501.000
2422087170.000
2427166441.000
2399007022.000
2341764233.000
2434063194.000
2401140771.000
2375725201.000
2412543633.000
2354884311.000
2335236659.000
2335101381.000
2397603082.000
2381064406.000
2356884582.000
2336353423.000
2341987825.000
2389598358.000
2362719640.000
2363668239.000
2392626628.000
2377982073.000
2333194604.000
2333121705.000
2407230829.000
2420339453.000
2338947525.000
2362602471.000
2360182191.000
2402082346.000
2348146134.000
2370183167.000
2333111901.000
2332848379.000
2339431209.000
2365998032.000
2342779713.000
2363866400.000
2333494054.000
2377035295.000
2348134700.000
2349033706.000
2335308351.000
2331983093.000
2333061801.000
2332902858.000
2333685160.000
2333590473.000
2338845390.000
2392270261.000
2409332209.000
2401278050.000
2364245992.000
2388041836.000
2334556433.000
2339716319.000
2383318838.000
2331196809.000
2333791509.000
2332347151.000
2413312254.000
2380971655.000
2370943644.000
2370871041.000
2331942061.000
2351868160.000
2412843704.000
2371733695.000
2352976588.000
2332364856.000
2331256294.000
2331707375.000
2332660534.000
2441318937.000
2353828046.000
2343814763.000
2333279560.000
2362257701.000
2335019864.000
2385906521.000
2331890229.000
2422988418.000
2340611454.000
2333486193.000
2415964401.000
2374098120.000
2348488566.000
2399538385.000
2348670369.000
2432877167.000
2332314491.000
2348670281.000
2429154787.000
2375974530.000
2381351303.000
2332771924.000
2402968259.000
2420312609.000
2356281655.000
2377207503.000
2353599875.000
2373035253.000
2334436595.000
2333588172.000
2333302377.000
2364866819.000
2413217881.000
2335091653.000
2431327338.000
2346435171.000
2375424581.000
2333679225.000
2384011047.000
2387740334.000
2332299517.000
2373451285.000
2369155588.000
2466770793.000
2339131577.000
2366822955.000
2376258129.000
2333768548.000
2333761827.000
2333059162.000
2347383809.000
2334263626.000
2359453002.000
2332798927.000
2332367745.000
2368458553.000
2333352227.000
2356563228.000
2417049883.000
2334312485.000
2354145776.000
2400368061.000
2418855008.000
2334111567.000
2333817014.000
2333163822.000
2338308280.000
2350060670.000
2372663816.000
2366291523.000
2334611179.000
2333606780.000
2333916625.000
2333369330.000
2383126036.000
2370559234.000
2360321608.000
2332323760.000
2377966530.000
2334535943.000
2333352075.000
2354955646.000
2338839180.000
2334296093.000
2342671573.000
2350112786.000
2347038192.000
2335657015.000
2379417585.000
2332656266.000
2333108200.000
2332878378.000
2368541958.000
2364719469.000
2397749226.000
2354768119.000
2345680291.000
2350461878.000
2442348639.000
2348411211.000
2368681525.000
2332096218.000
2396198469.000
2360095418.000
2390715787.000
2332549361.000
2332445784.000
2362724687.000
2333503167.000
2355968557.000
2333423427.000
2415371632.000
2420032496.000
2361583327.000
2415849044.000
2347826914.000
2398112194.000
2416458787.000
2402476875.000
2388557301.000
2332621165.000
2375247438.000
2363225224.000
2362007680.000
2371430911.000
2333138052.000
2361256826.000
2338958315.000
2332581344.000
2331956254.000
2371270230.000
2359787664.000
2424066645.000
2402532891.000
2342272154.000
2338258452.000
2379410032.000
2412163696.000
2442806929.000
2334000506.000
2359721305.000
2413886677.000
2377725768.000
2332116414.000
2350961182.000
2430002506.000
2399041952.000
2396493810.000
2333016183.000
2333369027.000
2359346323.000
2405447171.000
2400932239.000
2373890119.000
2385930110.000
2335607576.000
2344208771.000
2349966942.000
2349387385.000
2433728089.000
2396474917.000
2399102467.000
2341494769.000
2333296834.000
2366379818.000
2350779812.000
2332912140.000
2362895368.000
2362955780.000
2344450224.000
2332702489.000
2332986436.000
2332705275.000
2438016934.000
2439897175.000
2341494040.000
2360885941.000
2333491560.000
2338611240.000
2423940645.000
2626517831.000
2332476865.000
2335473451.000
2334476738.000
2334732523.000
2331698069.000
2331817319.000
2423837747.000
2372544789.000
2332575029.000
2333349309.000
2362797781.000
2375205410.000
2333579799.000
2375587172.000
2342660550.000
2332908982.000
2350669441.000
2333560581.000
2332906402.000
2332124898.000
2403234862.000
2388143020.000
2332476582.000
2332018345.000
2333470978.000
2350054082.000
2332238314.000
2370771526.000
2363939965.000
2332777585.000
2342969302.000
2332336933.000
2340138417.000
2333010603.000
2333775013.000
2348774161.000
2338364871.000
2332974750.000
2414780252.000
2368737807.000
2336854152.000
2353601825.000
2347909266.000
2333217219.000
2346609993.000
2337838179.000
2354825173.000
2333330374.000
2338267972.000
2465207169.000
2414347538.000
2365302379.000
2334074037.000
2340759890.000
2370252663.000
2355015541.000
2409991186.000
2376331115.000
2369955817.000
2352107527.000
2332653419.000
2332864502.000
2360784285.000
2434034647.000
2399400287.000
2450736412.000
2340529623.000
2332802093.000
2345667043.000
2370767442.000
2358673591.000
2332433090.000
2335741192.000
2339035178.000
2333514916.000
2332035088.000
2333032173.000
2386993008.000
2450214999.000
2340737816.000
2332197777.000
2338789120.000
2341905201.000
2332871157.000
2427183270.000
2405696243.000
2355181302.000
2343985643.000
2333039984.000
2332316356.000
2332507203.000
2385414444.000
2465780296.000
2371861658.000
2389334716.000
2377325209.000
2340288366.000
2332865354.000
2379496093.000
2346995181.000
2419709508.000
2430214021.000
2410193236.000
2386600758.000
2340271803.000
2397569451.000
2392817287.000
2362695775.000
2332390949.000
2333002841.000
2338414047.000
2332530585.000
2421850005.000
2435812965.000
2459145943.000
2398913710.000
2332908373.000
2355266671.000
2332851551.000
2341885112.000
2375249371.000
2333215749.000
2333307359.000
2397852513.000
2376363164.000
2391626501.000
2335320607.000
2392131894.000
2407268704.000
2367278892.000
2347681888.000
2354913631.000
2332505687.000
2381653647.000
2403027501.000
2415002001.000
2429501269.000
2371647242.000
2333752602.000
2332351653.000
2361797034.000
2432814285.000
2333036806.000
2334065279.000
2332862241.000
2376330417.000
2333000475.000
2373916541.000
2416197521.000
2374037125.000
2333255694.000
2331773087.000
2331936861.000
2332284369.000
2349987395.000
2401175221.000
2333293101.000
2355314955.000
2331727991.000
2333069553.000
2333226757.000
2353421559.000
2441126537.000
2388447020.000
2340394444.000
2331282209.000
2339089824.000
2333280474.000
2344483849.000
2387663274.000
2440705064.000
2332534521.000
2359029201.000
2332451255.000
2332084254.000
2333130169.000
2377597217.000
2371845399.000
2430264008.000
2333004374.000
2344627063.000
2381157999.000
2332158409.000
2422517256.000
2386737920.000
2332183458.000
2337706801.000
2374104694.000
2429598620.000
2332319285.000
2347010579.000
2381356064.000
2428676183.000
2391817398.000
2391441657.000
2455038811.000
2428080833.000
2413653669.000
2415935296.000
2333314594.000
2332641611.000
2356725308.000
2332332947.000
2332477105.000
2442897045.000
2362670639.000
2333200024.000
2333161303.000
2348502896.000
2335720973.000
2331760010.000
2357861389.000
2357178734.000
2390873788.000
2442558747.000
2381930355.000
2332805236.000
2332596221.000
2446073441.000
2394689100.000
2379568252.000
2332104996.000
2351359650.000
2343700399.000
2417004462.000
2406915412.000
2375707456.000
2332551676.000
2349845066.000
2333112619.000
2332537038.000
2332144943.000
2450223193.000
2484374633.000
2377460640.000
2345108302.000
2345749677.000
2592063497.000
2652110285.000
2630976621.000
2638950560.000
2665270870.000
2691831529.000
2614969070.000
2594734390.000
2605542205.000
2607400651.000
2631743812.000
2607099039.000
2773769926.000
2764264018.000
2771271165.000
2810238236.000
2802807804.000
2583449408.000
2699760653.000
2816904905.000
2795678336.000
2833968709.000
2762349415.000
2576625569.000
2569996147.000
2611332845.000
2580824383.000
2623657751.000
2537723011.000
2660652312.000
2618466993.000
2669471844.000
2560789784.000
2568457783.000
2602020910.000
2798341963.000
2876580580.000
2814526783.000
2728519919.000
2631867029.000
2605515203.000
2623737142.000
2622893447.000
2759718258.000
2872678192.000
2694999120.000
2574977002.000
2614000411.000
2693912341.000
2570854336.000
2658205242.000
2699189785.000
2808893416.000
2887426619.000
2883793527.000
2789636190.000
3003735668.000
3260378870.000
2837707352.000
2731632499.000
2689494251.000
2586175960.000
2668193118.000
2838044924.000
3318119374.000
2621058154.000
2722443079.000
2733085893.000
2641535285.000
2641193720.000
2640167991.000
2647558896.000
2592887712.000
2640154437.000
2494024157.000
2459542051.000
2603063758.000
2627441451.000
2632186584.000
2761793431.000
3063121148.000
3320535674.000
2751101095.000
2613877568.000
2649909316.000
2631910667.000
2795288889.000
2881694312.000
2620617954.000
2558206844.000
2636053729.000
2725671973.000
2834340557.000
2845559456.000
2864634401.000
3080944220.000
3197116215.000
2711424925.000
2748578050.000
3070447439.000
2657879957.000
2824085409.000
3299216898.000
3242816925.000
2488265058.000
2402644628.000
2399103250.000
2377827524.000
2393169271.000
2411023443.000
2404199591.000
2398499106.000
2488483081.000
2640325859.000
2645378719.000
2841834258.000
2891067817.000
2882309055.000
2894179318.000
2829474211.000
2886461209.000
2833844159.000
2808953345.000
2641651833.000
2587081415.000
2652276277.000
2759787291.000
3129570750.000
3184381328.000
2772691092.000
2706009919.000
2813140450.000
2880397845.000
2841508673.000
3168899298.000
2671846401.000
2845556226.000
2705340227.000
2696015517.000
2841519077.000
2806583805.000
2805689436.000
2665653459.000
2819585580.000
2969142284.000
3250896811.000
2515497232.000
2377471663.000
2430271827.000
2585918053.000
2557538104.000
2636951295.000
2674974056.000
2882485750.000
3221560810.000
2709589904.000
2633849959.000
2739583300.000
2805977224.000
2925689078.000
3004470843.000
2645575875.000
2560801002.000
2618888250.000
2749733449.000
2930148904.000
3009693374.000
2675021052.000
2600074805.000
2759171843.000
2814099656.000
2896713580.000
2727661259.000
2720644476.000
3073398165.000
2744083422.000
2633098157.000
2743746664.000
2771343749.000
2978133021.000
2873954536.000
2769903787.000
2822869325.000
2707172811.000
2731235887.000
2801947004.000
2626092705.000
2566381294.000
2599589197.000
2747979351.000
2716688503.000
2622854129.000
2556220441.000
2649254560.000
2657305708.000
2646206068.000
2617773596.000
2618569720.000
2618476327.000
2603407881.000
2707802320.000
2716167591.000
2698682217.000
2763119379.000
2840042937.000
2716928085.000
2790853378.000
2765532181.000
2911770600.000
2905035389.000
3134208625.000
2972932564.000
2880684978.000
2902333548.000
2928147740.000
2890018164.000
2941941898.000
3146898726.000
2915970860.000
2928095479.000
2943673604.000
2663229293.000
2390858567.000
2423868784.000
2439075658.000
2392796662.000
2405507248.000
2415736967.000
2409441404.000
2453173064.000
2432422310.000
2376210836.000
2410045170.000
2416244555.000
2416811605.000
2412005906.000
2415711113.000
2395973888.000
2393885524.000
2413877696.000
2377250101.000
2464957359.000
2417175280.000
2416254083.000
2429869572.000
2351821354.000
2400231434.000
2381489760.000
2419646527.000
2381655879.000
2385238529.000
2390683542.000
2381652992.000
2383550106.000
2381737686.000
2410128047.000
2396839086.000
2425499462.000
2420030297.000
2363427169.000
2374134537.000
2445807109.000
2367847155.000
2358252681.000
2420272422.000
2405812593.000
2395411352.000
2388238770.000
2415386800.000
2429651158.000
2387109646.000
2417724029.000
2419682902.000
2343905979.000
2386901693.000
2347870577.000
2335594260.000
2343931111.000
2383488617.000
2342344580.000
2366158346.000
2360744386.000
2335875827.000
2412122350.000
2332722413.000
2405910774.000
2362059412.000
2373485335.000
2335268585.000
2432241503.000
2399253154.000
2467180834.000
2407970232.000
2340851536.000
2362710856.000
2405133393.000
2389985049.000
2434956959.000
2411908241.000
2358597904.000
2335190462.000
2392129740.000
2402104487.000
2395727657.000
2332899627.000
2390282622.000
2347186084.000
2332863292.000
2352708538.000
2335658362.000
2334495458.000
2332993918.000
2373910078.000
2373344856.000
2334797550.000
2332562984.000
2332887674.000
2333071903.000
2350881618.000
2372544044.000
2332366723.000
2350318291.000
2351314881.000
2336085406.000
2344124273.000
2356284909.000
2423390204.000
2433870689.000
2338071332.000
2333183354.000
2358138479.000
2334040611.000
2410309654.000
2384902135.000
2350887581.000
2335219563.000
2336077325.000
2362160099.000
2382976353.000
2335138172.000
2355635684.000
2369885862.000
2335967521.000
2341578936.000
2334766833.000
2354511674.000
2348248366.000
2385960821.000
2365734147.000
2349750110.000
2334107274.000
2378488810.000
2333255251.000
2334805014.000
2358592235.000
2422979806.000
2357661529.000
2355863296.000
2365261087.000
2395933807.000
2370324712.000
2394313657.000
2359191011.000
2418759443.000
2433065166.000
2363117484.000
2456108143.000
2364071440.000
2418671157.000
2402578024.000
2420497848.000
2418672986.000
2403728392.000
2423053029.000
2425265382.000
2407275748.000
2377205207.000
2414205247.000
2369045009.000
2394040004.000
2450433078.000
2384209273.000
2430200480.000
2426899431.000
2422116234.000
2413552341.000
2412192632.000
2415696473.000
2388838566.000
2414266279.000
2389041914.000
2435397049.000
2344288957.000
2391124952.000
2415514948.000
2431437909.000
2391134817.000
2411725716.000
2358715065.000
2340578799.000
2355844146.000
2356042468.000
2352202034.000
2380520782.000
2366451593.000
2445088071.000
2404810384.000
2399927055.000
2439079235.000
2394962198.000
2363191711.000
2402261210.000
2417775048.000
2375808899.000
2413304159.000
2430615820.000
2458337759.000
2373451063.000
2365727936.000
2395561266.000
2379101960.000
2442579402.000
2382299096.000
2410780507.000
2333936393.000
2363830633.000
2369356571.000
2372639005.000
2333566718.000
2340028864.000
2343828966.000
2332545983.000
2334313299.000
2406927848.000
2414939674.000
2363503618.000
2332780080.000
2332527854.000
2356402181.000
2410908443.000
2404442932.000
2333691215.000
2333097307.000
2333188516.000
2333931679.000
2349822942.000
2409365805.000
2375651000.000
2333011451.000
2333591361.000
2332573502.000
2331830618.000
2336324370.000
2362382064.000
2357116256.000
2450749341.000
2333867631.000
2334472640.000
2333575224.000
2346275851.000
2382403837.000
2441966255.000
2393799139.000
2372450973.000
2333716130.000
2343655755.000
2334996611.000
2336227666.000
2348938438.000
2332923999.000
2333997101.000
Average read bandwidth (over 1000 iterations): -4271.239
3013345206.000
3045827340.000
3083232658.000
2989190811.000
3100987225.000
3087167355.000
3149193434.000
3020749354.000
3136490136.000
3119964382.000
3153744222.000
3000080274.000
2982457206.000
3019137170.000
3141285304.000
3027743520.000
3064414186.000
3154219351.000
3017482921.000
3072012193.000
3073561411.000
3018327512.000
3060402206.000
3000991279.000
3002340646.000
2997555198.000
3021524127.000
3045641332.000
3000850596.000
3039506597.000
2981714597.000
2982322424.000
2993383889.000
2998449515.000
2990675268.000
3129192752.000
3156729433.000
3094437897.000
3163078500.000
3100787858.000
3025176963.000
3021745805.000
3012661005.000
3049067898.000
3017043513.000
3070870540.000
3049643922.000
3016983454.000
3055450930.000
3018658542.000
3014966432.000
2998191987.000
2989793293.000
3128921753.000
3169256335.000
3135736949.000
2984273268.000
3018529169.000
3019751158.000
2997303928.000
2999606662.000
2995097207.000
2987013499.000
2992207357.000
3122046398.000
3023973937.000
3070892184.000
3070667136.000
3022745428.000
2993216731.000
2988466740.000
2984671974.000
3144969086.000
3026543770.000
3084553510.000
3016928654.000
2989463419.000
3003685119.000
2990584913.000
3070384230.000
3102445948.000
2981284973.000
3038351430.000
2983451778.000
3025560178.000
2984983947.000
3048566937.000
2994074671.000
3012325957.000
3024238166.000
3058352370.000
3085923994.000
3069229705.000
3048369056.000
3028468749.000
3068673177.000
3027951595.000
3098089085.000
2994090074.000
3009725420.000
3073797899.000
3037158350.000
3054169613.000
3030877567.000
3051708023.000
3028916996.000
3027860475.000
3041179432.000
3017957410.000
2996123986.000
3094571683.000
3070328285.000
3035545055.000
3091563817.000
3070160390.000
3127633930.000
3088447007.000
3049525733.000
3094379794.000
3088905506.000
3083212638.000
3039009558.000
3058449652.000
3100370855.000
3016674950.000
3070876735.000
3011690273.000
3100320806.000
3107353156.000
3164800065.000
3100320076.000
3078238544.000
3117297617.000
3085418044.000
3123419596.000
3147870761.000
3066795134.000
3095671279.000
3088384761.000
3129335384.000
3133746778.000
3093757139.000
3068262764.000
3062748010.000
3064789741.000
3082764632.000
3100739670.000
3028956095.000
3077803711.000
3093322113.000
3127609191.000
3040541761.000
3116866062.000
3056923399.000
3125276156.000
3072207930.000
3049565674.000
3012502954.000
3014001388.000
3062991388.000
3062491247.000
3009289240.000
3081969701.000
3027656203.000
3160579765.000
3159741188.000
3169458913.000
3131358088.000
3107218039.000
3152380846.000
3092873902.000
3093539148.000
3126020723.000
3065063439.000
3082203402.000
3071427783.000
3044432036.000
3117622694.000
3078294652.000
3112873730.000
3138958532.000
3105527659.000
3098607330.000
3016700979.000
3048502759.000
3009234833.000
3055311050.000
3030250995.000
3001112975.000
3051450581.000
3056897072.000
3067805209.000
3002017231.000
3011640923.000
3028008255.000
3050084285.000
3004538111.000
3012152789.000
3061617970.000
3005370430.000
3025586875.000
3059378963.000
3049524474.000
3025512300.000
3019914733.000
3060410640.000
3093744013.000
3045647948.000
3045253572.000
2994349796.000
3097804232.000
3086984787.000
3051726480.000
3103009952.000
3085458702.000
3070822581.000
3110018262.000
3103996993.000
3098887072.000
3071781785.000
2976961219.000
3043796646.000
3037217903.000
3006362250.000
2972733817.000
2989570543.000
3036647099.000
3005927296.000
2984750544.000
3012435374.000
3041211234.000
2995185125.000
3022066582.000
3052067244.000
3064654304.000
3000717595.000
3008803746.000
2993413774.000
2986599295.000
3097710843.000
3114127895.000
2999063631.000
2997933714.000
3157884723.000
3163911202.000
3031805433.000
3102744302.000
3092231023.000
3018181496.000
3098559777.000
3094812179.000
3061724114.000
3025395201.000
3074689693.000
3047621814.000
3050700500.000
3050470495.000
3165027749.000
3060118269.000
3008486368.000
3022194107.000
3007205502.000
3000310798.000
2991004391.000
3000485135.000
3015113941.000
3003633401.000
3013695137.000
3050563103.000
3032755543.000
3025984974.000
3142834959.000
3078705218.000
3112310225.000
3096207994.000
3105171640.000
3120841120.000
3082385361.000
3046685706.000
3058166364.000
3079719391.000
3086217754.000
3038596029.000
3095317125.000
3015119338.000
3098490960.000
3125558564.000
3037581637.000
3043442191.000
3027111252.000
3097509767.000
3099956000.000
3003151171.000
3031813317.000
3008091280.000
3062573668.000
3074149438.000
3015851522.000
2999824620.000
3010274763.000
3091368768.000
3014170408.000
3048617098.000
3036662851.000
3043280185.000
3121712217.000
3096236391.000
3066382569.000
3034640450.000
3075660410.000
3132353316.000
3046869785.000
3017043756.000
3048980544.000
3044510298.000
3021960528.000
3049317533.000
3063774643.000
3071169738.000
3009676631.000
3151389430.000
3110354966.000
3046611137.000
3017500093.000
3073788322.000
3055499382.000
3070646085.000
3048666506.000
3093801730.000
3005620723.000
2984510980.000
3088217367.000
3010041727.000
3032704692.000
3140972482.000
3135703961.000
3085869840.000
3046409333.000
3098936562.000
3042564362.000
3083450129.000
3023535447.000
3079387778.000
3066743651.000
3026661371.000
3029242545.000
3133053013.000
3043323282.000
3080681762.000
3079502374.000
3011640315.000
2999836413.000
3015040046.000
3139093053.000
3000534011.000
3008610733.000
3000646439.000
2999621999.000
2987059824.000
2985740196.000
3025599208.000
3122503390.000
3051712686.000
3005513108.000
2989255386.000
3015314959.000
3018433472.000
3073098657.000
3104338097.000
3033914010.000
3029148917.000
3158124211.000
3018597580.000
3074710443.000
3114439489.000
3043807690.000
3019054219.000
3073396462.000
3047973467.000
3117440091.000
3143736753.000
3049859986.000
3048298708.000
3003879369.000
3024550789.000
3014249278.000
3001128546.000
3028707877.000
3024473641.000
3017183130.000
3014763778.000
3033357030.000
3019732998.000
3035773152.000
3096771942.000
3174377953.000
3150402354.000
3035809042.000
2996749947.000
3113125813.000
3016416143.000
3140131585.000
3107095791.000
3003617116.000
3013394973.000
3066152613.000
3133340190.000
3109542276.000
3014658747.000
3163301143.000
3080517967.000
3048590084.000
3002575935.000
3113431117.000
3025648901.000
3004017209.000
3073310638.000
3060194744.000
3111816055.000
3054777293.000
3076452537.000
3016770210.000
2995524450.000
3067382109.000
2990389163.000
3071566528.000
3008358551.000
3035221657.000
2992607435.000
2986795882.000
3107199239.000
3062836655.000
3012829308.000
3031572975.000
2987373750.000
2985608452.000
3018962549.000
3125975313.000
2997617418.000
3032762786.000
3017266494.000
3039128083.000
3018777120.000
3016993758.000
3098113599.000
3069320107.000
3055820164.000
3057409260.000
3001813376.000
3047131819.000
3072297842.000
3051423062.000
2999623073.000
3065618461.000
3163680101.000
3187675670.000
2990702073.000
2992166521.000
3034479070.000
3055941549.000
3004476336.000
3015500573.000
3129849148.000
2975299416.000
2990688655.000
3028999713.000
3095155577.000
3119020026.000
3092821885.000
3073316459.000
2981959241.000
3068341711.000
3079617785.000
3070442872.000
2988622438.000
3000557775.000
3098483421.000
2988915332.000
3019766326.000
2992262428.000
3039324634.000
3053084084.000
3172879616.000
3046057608.000
3026524893.000
3119498944.000
3056888961.000
3032128105.000
3132786455.000
2984373125.000
2998062623.000
3099097727.000
3106567224.000
3092738499.000
2986160517.000
2996549325.000
2984475449.000
3042130973.000
2983021178.000
3002804401.000
2990453873.000
3106591737.000
3127748392.000
3138598281.000
3145260630.000
3015689734.000
3058159415.000
3173009724.000
3096555594.000
3121502069.000
3128204057.000
3027702570.000
2982325972.000
3132780116.000
3020479560.000
2998186736.000
2975108894.000
2984210836.000
3115847904.000
3094494565.000
3004742182.000
3022780825.000
3122917128.000
3045256748.000
3077202941.000
3073890670.000
2975771947.000
2995845879.000
2997920135.000
3157327065.000
3066745458.000
3004681222.000
3019028738.000
2984439752.000
3081497336.000
3039374088.000
3148645914.000
3018430057.000
3168428581.000
3062416700.000
3116973521.000
3174107160.000
2972281880.000
3034533762.000
3139117595.000
2969558356.000
3068198158.000
3021215204.000
2969065723.000
2994552319.000
3017180601.000
2977585316.000
3015808274.000
3073048886.000
3079425826.000
2969954671.000
2973683883.000
3048978037.000
2983140523.000
3050717134.000
3053448188.000
2983726704.000
3042558672.000
2978134925.000
3052440633.000
2992859250.000
3071112831.000
3028877473.000
2981201248.000
2982641022.000
3001101548.000
2996776962.000
3000848816.000
2994081590.000
3021813701.000
3033304831.000
3080534246.000
3108934024.000
3078170182.000
3048163578.000
3092635997.000
3045044709.000
3051243052.000
3058903287.000
3048830128.000
3056627165.000
3048743715.000
3193659792.000
3099308128.000
3104183349.000
3093105405.000
3157524493.000
3123224675.000
2995484287.000
3083668993.000
3047199456.000
3025705351.000
3053223686.000
2984565732.000
2992520603.000
3017247717.000
3087715223.000
3023509940.000
3020359503.000
3081515688.000
3007300149.000
3058604650.000
3058085038.000
3010946071.000
3002300870.000
3030032506.000
2994835417.000
2998245172.000
3050792755.000
3031188008.000
3049767351.000
2982988498.000
3092858290.000
3081633107.000
3010723036.000
3061574466.000
3051019378.000
3047457823.000
3089088792.000
3074713651.000
3040781369.000
3012771772.000
2999287816.000
3007811589.000
3032600211.000
3027228834.000
3000253622.000
2976639098.000
3004995514.000
3041027925.000
2990061969.000
3034071670.000
3004491725.000
3057063824.000
3072315248.000
2994275917.000
3148374556.000
2987659837.000
2989273189.000
2979043495.000
3014238853.000
3025578738.000
3009790464.000
2993551562.000
3064933156.000
3179711347.000
2970316481.000
3003432564.000
3119697018.000
3019504820.000
3006234965.000
2977150267.000
2981100370.000
3027711681.000
3009691185.000
2991536684.000
2994159134.000
2980193977.000
3040578423.000
3001367980.000
3037632549.000
3130725456.000
2987432966.000
3029463849.000
2976694945.000
2981240831.000
3027362505.000
2978904464.000
3019101888.000
2972332566.000
2973972349.000
2973588148.000
3009656286.000
3113947850.000
3172153485.000
3123693683.000
2990262512.000
3030706189.000
3154909385.000
3050930395.000
2988572824.000
3154220109.000
3096725503.000
3103534842.000
3047797542.000
2989064400.000
3001521053.000
2998725070.000
3008349797.000
3176426200.000
2982186733.000
2981222592.000
2977351576.000
2978007199.000
3005138470.000
3017106198.000
2975522056.000
2993287881.000
3149043476.000
3028012692.000
3013657233.000
3068772361.000
2989316053.000
2977924067.000
2988634955.000
2990327093.000
2973507145.000
3010770126.000
3078180206.000
2993561666.000
2973816302.000
2987080146.000
2997851614.000
3041389324.000
3025140768.000
2985204125.000
2992677340.000
2971568912.000
3029553462.000
3013541817.000
3081820745.000
3086636506.000
3023303243.000
3099158078.000
2992887206.000
3050366794.000
3039875192.000
2982952505.000
3003616066.000
3010326850.000
3038364816.000
3055143848.000
3005449126.000
2982631706.000
3071577287.000
3106044144.000
2993681312.000
2987195592.000
2985950128.000
2995602038.000
2984720684.000
3007714343.000
2978793993.000
2988307466.000
3055596585.000
3010325153.000
3102464662.000
3097960957.000
2978709692.000
3009236364.000
3003645454.000
2979107504.000
2981257623.000
2993786788.000
2969992018.000
3031961016.000
2992954785.000
3079982649.000
2995552262.000
3050612674.000
2972711418.000
2983627644.000
3021766584.000
2984603850.000
3047068569.000
2992219486.000
2989342347.000
2991213649.000
3001173408.000
2990803785.000
2984734859.000
3020545937.000
3001425812.000
2991622607.000
2988113534.000
3034862372.000
2996811429.000
2987446278.000
2995886460.000
3046148288.000
3009272042.000
2974624966.000
3123224086.000
2994565004.000
3178472069.000
3172104397.000
3041854623.000
2983285797.000
2978033690.000
3001138084.000
2972745885.000
3052600074.000
2995085916.000
2987840350.000
3052131924.000
3168797229.000
3020724609.000
2984581510.000
3095171105.000
3099082359.000
3098569886.000
3097500648.000
3127041515.000
3148104874.000
3081401114.000
3158342700.000
3153152770.000
3158825938.000
3156141486.000
3150764392.000
3165302537.000
3148945272.000
3161073469.000
3163275075.000
3170592064.000
3162065287.000
3160756833.000
3157489724.000
3165289796.000
3170306559.000
3171389542.000
3114538736.000
3167434114.000
3156632018.000
3163823667.000
3166458928.000
3171283418.000
3173321088.000
3158773291.000
3173560887.000
3085312574.000
3167203524.000
3157458555.000
3108615088.000
3151624422.000
3155952956.000
3172805215.000
3158392112.000
3141215493.000
3174059025.000
3108283936.000
3031142632.000
3102933348.000
2981579440.000
3092993679.000
3023525907.000
2988090612.000
2988514426.000
2984354675.000
3027806294.000
3000226603.000
3116719899.000
3137760705.000
2990356572.000
3017067552.000
2993424422.000
3043488767.000
2994446576.000
2988934711.000
2985251561.000
2983872411.000
2989841221.000
3144037393.000
3107003088.000
3033122110.000
3066360040.000
3041890319.000
3021396300.000
2978132142.000
2992367943.000
2989425512.000
2983826818.000
3072317759.000
3125606094.000
3171572199.000
2998232829.000
2992529738.000
2988917372.000
2989947055.000
2983344659.000
3031694485.000
3016386835.000
2993228507.000
2989371652.000
2987183782.000
2991352473.000
2988855934.000
2986822083.000
3012151880.000
3023619492.000
2981185771.000
2983566802.000
2994464858.000
3013639429.000
2982228819.000
3013103744.000
2991163866.000
3063495569.000
2988597005.000
2994462169.000
3016505402.000
2986255866.000
3045397005.000
3026584842.000
3012829122.000
3046741221.000
2986227577.000
3010609137.000
2993455052.000
3014778220.000
3181280007.000
3124811262.000
2989999193.000
3043060665.000
2994171226.000
3144610276.000
2997464027.000
2987230985.000
3066543799.000
3116196725.000
3070147584.000
3037622114.000
3014389933.000
2990890967.000
3008613252.000
3056143808.000
3044687125.000
2977189753.000
2977901066.000
3010456612.000
3165110938.000
3145836574.000
2980253200.000
2987818450.000
3093839292.000
3169171831.000
2987167296.000
3098062566.000
3098103964.000
2992526453.000
2985209738.000
3054119489.000
3179599004.000
3146443956.000
2979662720.000
3157465697.000
3122047176.000
2988055696.000
3037722811.000
3174981097.000
3146678395.000
3138089935.000
2985115301.000
2990285397.000
3053596370.000
3111670465.000
3183261400.000
3131880417.000
3024001328.000
3117053951.000
2986396241.000
2970330268.000
2988381398.000
3127075111.000
3152594855.000
2981157796.000
2987879741.000
3044242956.000
3180466664.000
2984934683.000
2980592762.000
2989209546.000
2998017456.000
3177519080.000
3143157062.000
2984587857.000
3046253062.000
3071863050.000
2998615289.000
2989059886.000
3012340083.000
3073538686.000
3034517937.000
3035917083.000
3047803967.000
3076755749.000
3120384988.000
3032985474.000
3037907558.000
3059421691.000
3002665259.000
2984966831.000
3114961544.000
2989204144.000
3000229444.000
Average write bandwidth (over 1000 iterations): -3426.710
