1021892.000
1038981.000
821532.000
1036819.000
1051711.000
1027917.000
1046614.000
1062872.000
1009659.000
992488.000
1020593.000
979601.000
955063.000
1019121.000
989230.000
990618.000
1046620.000
1021548.000
994840.000
1018289.000
994980.000
1028935.000
978697.000
1004979.000
1011782.000
981446.000
938027.000
1059439.000
1042884.000
1031638.000
1018488.000
1084492.000
1035173.000
1025471.000
1023572.000
998200.000
1014968.000
987635.000
1003030.000
1067169.000
1073737.000
1047923.000
1022347.000
1001662.000
971505.000
1028392.000
1103349.000
1010827.000
1028296.000
961842.000
1004537.000
1001797.000
987007.000
756993.000
1014325.000
1085094.000
1001132.000
1002328.000
1022758.000
943505.000
1033991.000
976845.000
986676.000
995065.000
993393.000
810387.000
781501.000
1003302.000
1025250.000
979547.000
1030949.000
982402.000
1018405.000
1014865.000
1069773.000
790781.000
1030808.000
1026161.000
900123.000
1077699.000
1045938.000
1060183.000
1013382.000
977590.000
1022048.000
1037804.000
902343.000
867964.000
824525.000
816896.000
1041978.000
1016740.000
818573.000
997977.000
809761.000
1025944.000
999606.000
1077452.000
775353.000
996426.000
