8322.000
8263.000
8283.000
8236.000
8276.000
8265.000
8287.000
8317.000
8238.000
8286.000
8305.000
8305.000
8256.000
8283.000
8251.000
8249.000
8251.000
8228.000
8179.000
8203.000
8179.000
8129.000
8129.000
8185.000
8098.000
8177.000
8261.000
8226.000
8219.000
8183.000
8236.000
8263.000
8249.000
8241.000
8266.000
8262.000
8264.000
8253.000
8272.000
8225.000
8235.000
8253.000
8269.000
8273.000
8188.000
8278.000
8244.000
8260.000
8269.000
8262.000
8255.000
8264.000
8229.000
8250.000
8209.000
8267.000
8220.000
8220.000
8279.000
8322.000
8225.000
8257.000
8250.000
8289.000
8231.000
8262.000
8250.000
8245.000
8233.000
8244.000
8240.000
8288.000
8216.000
8223.000
8012.000
7956.000
8040.000
8270.000
8187.000
8081.000
7955.000
8014.000
7962.000
8065.000
8047.000
8018.000
8155.000
8156.000
8138.000
8207.000
8132.000
8179.000
8220.000
8155.000
8142.000
8179.000
8133.000
8164.000
8048.000
8083.000
