3226.000
1172.000
1154.000
1156.000
1168.000
1162.000
1162.000
1162.000
1156.000
1160.000
1168.000
1174.000
1156.000
1172.000
1164.000
1172.000
1164.000
1168.000
1164.000
1168.000
1164.000
1176.000
1170.000
1166.000
1168.000
1170.000
1172.000
1176.000
1162.000
1178.000
1166.000
1168.000
1175.000
1158.000
1160.000
1166.000
1160.000
1166.000
1154.000
1172.000
1176.000
1154.000
1176.000
1166.000
1168.000
1168.000
1170.000
1178.000
1158.000
1178.000
1162.000
1170.000
1168.000
1174.000
1168.000
1178.000
1168.000
1170.000
1158.000
1158.000
1162.000
1172.000
1164.000
1168.000
1166.000
1164.000
1162.000
1164.000
1164.000
1168.000
1160.000
1168.000
1168.000
1168.000
1168.000
1170.000
1174.000
1168.000
1166.000
1176.000
1168.000
1168.000
1166.000
1176.000
1166.000
1166.000
1170.000
1160.000
1154.000
1168.000
1172.000
1154.000
1168.000
1160.000
1164.000
1176.000
1172.000
1172.000
1161.000
1166.000
1158.000
1172.000
1176.000
1164.000
1172.000
1176.000
1176.000
1162.000
1168.000
1174.000
1170.000
1160.000
1172.000
1164.000
1164.000
1180.000
1168.000
1158.000
1166.000
1160.000
1160.000
1164.000
1172.000
1170.000
1155.000
1164.000
1160.000
1158.000
1172.000
1164.000
1168.000
1168.000
1172.000
1172.000
1164.000
1166.000
1178.000
1159.000
1174.000
1172.000
1176.000
1168.000
1162.000
1166.000
1168.000
1152.000
1164.000
1162.000
1174.000
1168.000
1178.000
1162.000
1172.000
1166.000
1164.000
1168.000
1176.000
1178.000
1168.000
1164.000
1168.000
1162.000
1170.000
1172.000
1158.000
1166.000
1164.000
1160.000
1168.000
1175.000
1158.000
1168.000
1164.000
1164.000
1164.000
1158.000
1168.000
1164.000
1170.000
1154.000
1160.000
1164.000
1155.000
1178.000
1178.000
1166.000
1168.000
1160.000
1164.000
1181.000
1168.000
1166.000
1157.000
1164.000
1168.000
1168.000
1164.000
1160.000
1168.000
1172.000
1166.000
1168.000
1164.000
1170.000
1164.000
1166.000
1168.000
1160.000
1164.000
1174.000
1168.000
1172.000
1176.000
1166.000
1170.000
1162.000
1168.000
1170.000
1158.000
1170.000
1168.000
1168.000
1172.000
1158.000
1172.000
1164.000
1170.000
1162.000
1164.000
1172.000
1154.000
1162.000
1158.000
1158.000
1166.000
1162.000
1170.000
1172.000
1168.000
1158.000
1166.000
1172.000
1162.000
1176.000
1161.000
1160.000
1168.000
1168.000
1164.000
1168.000
1174.000
1166.000
1168.000
1162.000
1168.000
1178.000
1158.000
1172.000
1157.000
1172.000
1155.000
1168.000
1160.000
1168.000
1168.000
1174.000
1168.000
1166.000
1158.000
1166.000
1166.000
1158.000
1168.000
1170.000
1164.000
1180.000
1168.000
1176.000
1177.000
1172.000
1179.000
1174.000
1168.000
1161.000
1168.000
1156.000
1158.000
1168.000
1168.000
1162.000
1158.000
1154.000
1168.000
1162.000
1164.000
1158.000
1160.000
1170.000
1162.000
1162.000
1161.000
1168.000
1164.000
1158.000
1168.000
1168.000
1179.000
1166.000
1178.000
1154.000
1172.000
1174.000
1168.000
1164.000
1161.000
1164.000
1152.000
1162.000
1162.000
1166.000
1168.000
1162.000
1170.000
1159.000
1162.000
1168.000
1168.000
1162.000
1158.000
1168.000
1168.000
1172.000
1170.000
1164.000
1168.000
1170.000
1168.000
1184.000
1166.000
1158.000
1168.000
1168.000
1168.000
1166.000
1164.000
1168.000
1160.000
1159.000
1172.000
1162.000
1168.000
1164.000
1164.000
1162.000
1166.000
1174.000
1166.000
1172.000
1164.000
1168.000
1178.000
1164.000
1172.000
1164.000
1162.000
1170.000
1164.000
1158.000
1175.000
1162.000
1158.000
1177.000
1168.000
1172.000
1152.000
1168.000
1160.000
1158.000
1161.000
1168.000
1158.000
1158.000
1161.000
1164.000
1154.000
1155.000
1156.000
1158.000
1164.000
1158.000
1162.000
1164.000
1174.000
1168.000
1172.000
1164.000
1170.000
1174.000
1172.000
1165.000
1172.000
1168.000
1168.000
1164.000
1168.000
1168.000
1162.000
1156.000
1170.000
1166.000
1154.000
1168.000
1162.000
1164.000
1164.000
1154.000
1164.000
1172.000
1168.000
1172.000
1164.000
1158.000
1172.000
1168.000
1174.000
1164.000
1164.000
1176.000
1174.000
1162.000
1160.000
1174.000
1162.000
1162.000
1168.000
1170.000
1170.000
1170.000
1160.000
1154.000
1160.000
1170.000
1158.000
1154.000
1174.000
1159.000
1168.000
1174.000
1172.000
1178.000
1174.000
1174.000
1180.000
1172.000
1164.000
1172.000
1166.000
1164.000
1168.000
1162.000
1162.000
1161.000
1159.000
1178.000
1164.000
1172.000
1174.000
1170.000
1162.000
1166.000
1174.000
1166.000
1162.000
1161.000
1158.000
1160.000
1164.000
1158.000
1164.000
1158.000
1168.000
1180.000
1164.000
1172.000
1174.000
1179.000
1164.000
1166.000
1164.000
1174.000
1162.000
1172.000
1168.000
1178.000
1174.000
1172.000
1172.000
1162.000
1168.000
1162.000
1161.000
1168.000
1172.000
1158.000
1168.000
1172.000
1162.000
1168.000
1166.000
1174.000
1170.000
1158.000
1164.000
1166.000
1164.000
1172.000
1158.000
1161.000
1164.000
1164.000
1155.000
1170.000
1176.000
1168.000
1164.000
1166.000
1161.000
1175.000
1172.000
1172.000
1155.000
1166.000
1158.000
1162.000
1160.000
1158.000
1168.000
1160.000
1161.000
1162.000
1158.000
1168.000
1168.000
1174.000
1164.000
1164.000
1164.000
1162.000
1164.000
1178.000
1174.000
1178.000
1172.000
1168.000
1168.000
1162.000
1162.000
1168.000
1162.000
1170.000
1168.000
1166.000
1175.000
1164.000
1158.000
1164.000
1168.000
1159.000
1166.000
1162.000
1168.000
1172.000
1172.000
1170.000
1172.000
1158.000
1168.000
1174.000
1174.000
1181.000
1172.000
1176.000
1166.000
1160.000
1172.000
1162.000
1158.000
1164.000
1164.000
1158.000
1164.000
1156.000
1164.000
1164.000
1168.000
1160.000
1174.000
1162.000
1158.000
1172.000
1174.000
1168.000
1166.000
1168.000
1164.000
1158.000
1174.000
1176.000
1172.000
1176.000
1178.000
1168.000
1164.000
1168.000
1168.000
1164.000
1166.000
1166.000
1168.000
1166.000
1168.000
1168.000
1166.000
1168.000
1155.000
1172.000
1162.000
1158.000
1174.000
1164.000
1170.000
1168.000
1174.000
1164.000
1164.000
1161.000
1168.000
1172.000
1168.000
1164.000
1168.000
1168.000
1164.000
1164.000
1168.000
1168.000
1168.000
1168.000
1149.000
1160.000
1162.000
1168.000
1166.000
1172.000
1168.000
1159.000
1162.000
1178.000
1168.000
1162.000
1158.000
1172.000
1164.000
1168.000
1172.000
1160.000
1172.000
1160.000
1158.000
1172.000
1162.000
1174.000
1168.000
1154.000
1174.000
1174.000
1161.000
1164.000
1168.000
1156.000
1161.000
1162.000
1162.000
1162.000
1168.000
1171.000
1172.000
1168.000
1168.000
1164.000
1168.000
1174.000
1170.000
1176.000
1161.000
1172.000
1162.000
1178.000
1158.000
1172.000
1170.000
1168.000
1168.000
1168.000
1175.000
1168.000
1160.000
1154.000
1170.000
1170.000
1172.000
1160.000
1159.000
1164.000
1174.000
1158.000
1168.000
1164.000
1168.000
1170.000
1170.000
1170.000
1161.000
1170.000
1166.000
1164.000
1164.000
1172.000
1164.000
1168.000
1164.000
1172.000
1172.000
1160.000
1158.000
1174.000
1154.000
1168.000
1166.000
1158.000
1164.000
1162.000
1162.000
1164.000
1168.000
1168.000
1170.000
1174.000
1170.000
1174.000
1170.000
1157.000
1178.000
1162.000
1168.000
1168.000
1166.000
1168.000
1174.000
1154.000
1174.000
1168.000
1162.000
1168.000
1162.000
1166.000
1164.000
1166.000
1166.000
1160.000
1164.000
1168.000
1168.000
1158.000
1174.000
1174.000
1168.000
1170.000
1162.000
1164.000
1175.000
1164.000
1174.000
1166.000
1170.000
1164.000
1178.000
1162.000
1168.000
1172.000
1164.000
1174.000
1166.000
1156.000
1164.000
1164.000
1158.000
1168.000
1162.000
1168.000
1174.000
1153.000
1168.000
1166.000
1172.000
1168.000
1161.000
1158.000
1182.000
1170.000
1166.000
1182.000
1158.000
1172.000
1172.000
1158.000
1168.000
1162.000
1160.000
1164.000
1166.000
1170.000
1162.000
1168.000
1164.000
1158.000
1170.000
1168.000
1162.000
1164.000
1162.000
1162.000
1168.000
1164.000
1166.000
1176.000
1161.000
1164.000
1162.000
1166.000
1176.000
1158.000
1170.000
1168.000
1172.000
1157.000
1174.000
1161.000
1172.000
1176.000
1166.000
1164.000
1162.000
1174.000
1150.000
1154.000
1170.000
1164.000
1158.000
1168.000
1160.000
1172.000
1174.000
1164.000
1166.000
1174.000
1166.000
1174.000
1166.000
1172.000
1174.000
1158.000
1168.000
1172.000
1168.000
1168.000
1162.000
1168.000
1164.000
1158.000
1168.000
1162.000
1164.000
1160.000
1174.000
1155.000
1168.000
1156.000
1164.000
1174.000
1164.000
1168.000
1168.000
1166.000
1175.000
1172.000
1158.000
1176.000
1170.000
1168.000
1170.000
1168.000
1164.000
1166.000
1158.000
1174.000
1176.000
1164.000
1162.000
1168.000
1172.000
1164.000
1172.000
1166.000
1160.000
1168.000
1156.000
1166.000
1168.000
1158.000
1168.000
1172.000
1164.000
1168.000
1168.000
1172.000
1166.000
1174.000
1160.000
1166.000
1172.000
1158.000
1168.000
1176.000
1168.000
1160.000
1154.000
1168.000
1158.000
1168.000
1162.000
1168.000
1164.000
1174.000
1164.000
1168.000
1174.000
1158.000
1172.000
1168.000
1156.000
1168.000
1168.000
1160.000
1162.000
1172.000
1162.000
1166.000
1153.000
1164.000
1168.000
1158.000
1164.000
1162.000
1164.000
1168.000
1172.000
1156.000
1168.000
1154.000
1170.000
1178.000
1166.000
1172.000
1166.000
1170.000
1176.000
1164.000
1174.000
1160.000
1162.000
1172.000
1170.000
1168.000
1176.000
1160.000
1176.000
1176.000
1159.000
1160.000
1168.000
1168.000
1158.000
1172.000
1168.000
1156.000
1158.000
1174.000
1158.000
1164.000
