8652.000
8539.000
8551.000
8537.000
8534.000
8595.000
8530.000
8550.000
8755.000
8812.000
8534.000
8545.000
8645.000
8490.000
8400.000
8519.000
8889.000
8766.000
8851.000
8869.000
8860.000
8970.000
8918.000
8878.000
8887.000
8981.000
8884.000
8854.000
8853.000
8860.000
8880.000
8865.000
8887.000
8868.000
8897.000
8830.000
8856.000
8887.000
8934.000
8856.000
8961.000
8939.000
8841.000
8928.000
8886.000
8934.000
8807.000
8879.000
8885.000
8846.000
8852.000
8842.000
8818.000
8850.000
8820.000
8852.000
8806.000
8846.000
8835.000
8885.000
8853.000
8856.000
8847.000
8857.000
8804.000
8900.000
8878.000
8893.000
8855.000
8813.000
8777.000
8877.000
8835.000
8840.000
8864.000
8824.000
8818.000
8855.000
8839.000
8874.000
8796.000
8838.000
8858.000
8839.000
8850.000
8866.000
8816.000
8855.000
8816.000
8871.000
8805.000
8894.000
8816.000
8841.000
8752.000
8834.000
8884.000
8845.000
8833.000
8853.000
8847.000
8869.000
8858.000
8878.000
8786.000
8823.000
9023.000
8753.000
8697.000
8643.000
8784.000
8805.000
8861.000
8853.000
8835.000
8860.000
