1010.000
809.000
626.000
515.000
509.000
513.000
507.000
515.000
517.000
521.000
533.000
525.000
509.000
511.000
517.000
499.000
517.000
511.000
517.000
531.000
511.000
517.000
519.000
521.000
554.000
511.000
519.000
511.000
513.000
507.000
524.000
515.000
507.000
521.000
503.000
523.000
538.000
515.000
521.000
527.000
521.000
521.000
525.000
519.000
513.000
521.000
541.000
521.000
517.000
517.000
530.000
518.000
527.000
515.000
511.000
533.000
523.000
515.000
511.000
517.000
511.000
527.000
496.000
519.000
511.000
525.000
515.000
535.000
503.000
513.000
521.000
523.000
515.000
525.000
515.000
505.000
515.000
511.000
521.000
521.000
521.000
529.000
507.000
502.000
521.000
521.000
521.000
497.000
527.000
523.000
523.000
509.000
531.000
511.000
515.000
521.000
521.000
511.000
517.000
501.000
